Vertex Count: 1782

Data:

-27.7441 0.415886 -45.8282 0.7216 0.847836 0 0 -1
28.3005 -0.809079 -45.8282 0.732222 0.720211 0 0 -1
-27.7441 -0.809079 -45.8282 0.732222 0.847836 0 0 -1
28.3005 0.415886 -45.8282 0.7216 0.720211 0 0 -1
28.3005 -0.809079 -45.8282 0.732222 0.720211 0 0 -1
-27.7441 0.415886 -45.8282 0.7216 0.847836 0 0 -1
-27.7441 0.415886 68.1056 0.459891 0.847911 0 1 -0
28.3005 0.415886 -45.8282 0.719341 0.720286 0 1 -0
-27.7441 0.415886 -45.8282 0.719341 0.847911 0 1 -0
28.3005 0.415886 68.1056 0.459891 0.720286 0 1 -0
28.3005 0.415886 -45.8282 0.719341 0.720286 0 1 -0
-27.7441 0.415886 68.1056 0.459891 0.847911 0 1 -0
-27.7441 -0.809079 68.1056 0.721603 0.847836 0 0 1
28.3005 0.415886 68.1056 0.732225 0.720211 0 0 1
-27.7441 0.415886 68.1056 0.732225 0.847836 0 0 1
28.3005 -0.809079 68.1056 0.721603 0.720211 0 0 1
28.3005 0.415886 68.1056 0.732225 0.720211 0 0 1
-27.7441 -0.809079 68.1056 0.721603 0.847836 0 0 1
-27.7441 -0.809079 -45.8282 0.459891 0.847923 0 -1 -0
28.3005 -0.809079 68.1056 0.719341 0.720298 0 -1 -0
-27.7441 -0.809079 68.1056 0.719341 0.847923 0 -1 -0
28.3005 -0.809079 -45.8282 0.459891 0.720298 0 -1 -0
28.3005 -0.809079 68.1056 0.719341 0.720298 0 -1 -0
-27.7441 -0.809079 -45.8282 0.459891 0.847923 0 -1 -0
28.3005 0.415886 -45.8282 0.459891 0.70683 1 0 -0
28.3005 -0.809079 68.1056 0.719341 0.717453 1 0 -0
28.3005 -0.809079 -45.8282 0.459891 0.717453 1 0 -0
28.3005 0.415886 68.1056 0.719341 0.70683 1 0 -0
28.3005 -0.809079 68.1056 0.719341 0.717453 1 0 -0
28.3005 0.415886 -45.8282 0.459891 0.70683 1 0 -0
-27.7441 0.415886 68.1056 0.459891 0.706829 -1 0 -0
-27.7441 -0.809079 -45.8282 0.719341 0.717451 -1 0 -0
-27.7441 -0.809079 68.1056 0.459891 0.717451 -1 0 -0
-27.7441 0.415886 -45.8282 0.719341 0.706829 -1 0 -0
-27.7441 -0.809079 -45.8282 0.719341 0.717451 -1 0 -0
-27.7441 0.415886 68.1056 0.459891 0.706829 -1 0 -0
-15.1154 40.4205 65.8015 0.341598 0.11422 0 0 -1
-2.95495 38.6745 65.8015 0.223537 0.131172 0 0 -1
-17.61 38.6745 65.8015 0.365817 0.131172 0 0 -1
-15.1154 40.4205 65.8015 0.341598 0.11422 0 0 -1
-2.95495 40.4205 65.8015 0.223537 0.11422 0 0 -1
-2.95495 38.6745 65.8015 0.223537 0.131172 0 0 -1
-0.855988 40.4205 65.8015 0.203159 0.11422 0 0 -1
0.839669 38.6745 65.8015 0.186697 0.131172 0 0 -1
-0.855988 38.6745 65.8015 0.203159 0.131172 0 0 -1
-0.855988 40.4205 65.8015 0.203159 0.11422 0 0 -1
0.839669 40.4205 65.8015 0.186697 0.11422 0 0 -1
0.839669 38.6745 65.8015 0.186697 0.131172 0 0 -1
0.839669 40.4205 65.8015 0.186697 0.11422 0 0 -1
2.92716 38.6745 65.8015 0.16643 0.131172 0 0 -1
0.839669 38.6745 65.8015 0.186697 0.131172 0 0 -1
0.839669 40.4205 65.8015 0.186697 0.11422 0 0 -1
2.92716 40.4205 65.8015 0.16643 0.11422 0 0 -1
2.92716 38.6745 65.8015 0.16643 0.131172 0 0 -1
-15.1154 40.4205 67.1533 0.194362 0.166079 0 1 -0
-2.95495 40.4205 65.8015 0.312423 0.179204 0 1 -0
-15.1154 40.4205 65.8015 0.194362 0.179204 0 1 -0
-2.95495 40.4205 67.1533 0.312423 0.166079 0 1 -0
-2.95495 40.4205 65.8015 0.312423 0.179204 0 1 -0
-15.1154 40.4205 67.1533 0.194362 0.166079 0 1 -0
-15.1154 40.4205 67.1533 0.341613 0.114259 0 0 1
-2.95495 38.6745 67.1533 0.223552 0.131211 0 0 1
-2.95495 40.4205 67.1533 0.223552 0.114259 0 0 1
-17.61 38.6745 67.1533 0.365832 0.131211 0 0 1
-2.95495 38.6745 67.1533 0.223552 0.131211 0 0 1
-15.1154 40.4205 67.1533 0.341613 0.114259 0 0 1
-0.855988 38.6745 67.1533 0.203174 0.131211 0 0 1
0.839669 40.4205 67.1533 0.186712 0.114259 0 0 1
-0.855988 40.4205 67.1533 0.203174 0.114259 0 0 1
0.839669 38.6745 67.1533 0.186712 0.131211 0 0 1
0.839669 40.4205 67.1533 0.186712 0.114259 0 0 1
-0.855988 38.6745 67.1533 0.203174 0.131211 0 0 1
0.839669 38.6745 67.1533 0.186712 0.131211 0 0 1
2.92716 40.4205 67.1533 0.166445 0.114259 0 0 1
0.839669 40.4205 67.1533 0.186712 0.114259 0 0 1
2.92716 38.6745 67.1533 0.166445 0.131211 0 0 1
2.92716 40.4205 67.1533 0.166445 0.114259 0 0 1
0.839669 38.6745 67.1533 0.186712 0.131211 0 0 1
-17.61 38.6745 65.8015 0.02994 0.142087 0 -1 -0
-2.95495 38.6745 67.1533 0.166046 0.155211 0 -1 -0
-17.61 38.6745 67.1533 0.02994 0.155211 0 -1 -0
-2.95495 38.6745 65.8015 0.166046 0.142087 0 -1 -0
-2.95495 38.6745 67.1533 0.166046 0.155211 0 -1 -0
-17.61 38.6745 65.8015 0.02994 0.142087 0 -1 -0
-0.855988 38.6745 65.8015 0.185539 0.142087 0 -1 -0
0.839669 38.6745 67.1533 0.201287 0.155211 0 -1 -0
-0.855988 38.6745 67.1533 0.185539 0.155211 0 -1 -0
0.839669 38.6745 65.8015 0.201287 0.142087 0 -1 -0
0.839669 38.6745 67.1533 0.201287 0.155211 0 -1 -0
-0.855988 38.6745 65.8015 0.185539 0.142087 0 -1 -0
0.839669 38.6745 65.8015 0.201287 0.142087 0 -1 -0
2.92716 38.6745 67.1533 0.220674 0.155211 0 -1 -0
0.839669 38.6745 67.1533 0.201287 0.155211 0 -1 -0
2.92716 38.6745 65.8015 0.220674 0.142087 0 -1 -0
2.92716 38.6745 67.1533 0.220674 0.155211 0 -1 -0
0.839669 38.6745 65.8015 0.201287 0.142087 0 -1 -0
-0.855988 38.6745 67.1533 0.203174 0.131211 0 0 1
-2.95495 40.4205 67.1533 0.223552 0.114259 0 0 1
-2.95495 38.6745 67.1533 0.223552 0.131211 0 0 1
-0.855988 40.4205 67.1533 0.203174 0.114259 0 0 1
-2.95495 40.4205 67.1533 0.223552 0.114259 0 0 1
-0.855988 38.6745 67.1533 0.203174 0.131211 0 0 1
-0.855988 38.6745 65.8015 0.185539 0.142087 0 -1 -0
-2.95495 38.6745 67.1533 0.166046 0.155211 0 -1 -0
-2.95495 38.6745 65.8015 0.166046 0.142087 0 -1 -0
-0.855988 38.6745 67.1533 0.185539 0.155211 0 -1 -0
-2.95495 38.6745 67.1533 0.166046 0.155211 0 -1 -0
-0.855988 38.6745 65.8015 0.185539 0.142087 0 -1 -0
-0.855988 40.4205 65.8015 0.203159 0.11422 0 0 -1
-2.95495 38.6745 65.8015 0.223537 0.131172 0 0 -1
-2.95495 40.4205 65.8015 0.223537 0.11422 0 0 -1
-0.855988 40.4205 65.8015 0.203159 0.11422 0 0 -1
-0.855988 38.6745 65.8015 0.203159 0.131172 0 0 -1
-2.95495 38.6745 65.8015 0.223537 0.131172 0 0 -1
2.92716 40.4205 67.1533 0.070194 0.166073 0 1 -0
15.5714 40.4205 65.8015 0.192951 0.179197 0 1 -0
2.92716 40.4205 65.8015 0.070194 0.179197 0 1 -0
15.5714 40.4205 67.1533 0.192951 0.166073 0 1 -0
15.5714 40.4205 65.8015 0.192951 0.179197 0 1 -0
2.92716 40.4205 67.1533 0.070194 0.166073 0 1 -0
2.92716 38.6745 67.1533 0.166445 0.131211 0 0 1
15.5714 40.4205 67.1533 0.043688 0.114259 0 0 1
2.92716 40.4205 67.1533 0.166445 0.114259 0 0 1
18.3633 38.6745 67.1533 0.016583 0.131211 0 0 1
15.5714 40.4205 67.1533 0.043688 0.114259 0 0 1
2.92716 38.6745 67.1533 0.166445 0.131211 0 0 1
18.3633 38.6745 65.8015 0.364033 0.142087 0 -1 -0
2.92716 38.6745 67.1533 0.220674 0.155211 0 -1 -0
2.92716 38.6745 65.8015 0.220674 0.142087 0 -1 -0
18.3633 38.6745 67.1533 0.364033 0.155211 0 -1 -0
2.92716 38.6745 67.1533 0.220674 0.155211 0 -1 -0
18.3633 38.6745 65.8015 0.364033 0.142087 0 -1 -0
15.5714 40.4205 65.8015 0.043673 0.11422 0 0 -1
2.92716 38.6745 65.8015 0.16643 0.131172 0 0 -1
2.92716 40.4205 65.8015 0.16643 0.11422 0 0 -1
15.5714 40.4205 65.8015 0.043673 0.11422 0 0 -1
18.3633 38.6745 65.8015 0.016568 0.131172 0 0 -1
2.92716 38.6745 65.8015 0.16643 0.131172 0 0 -1
-0.855988 50.1116 65.8015 0.203159 0.020134 0 0 -1
0.839669 40.4205 65.8015 0.186697 0.11422 0 0 -1
-0.855988 40.4205 65.8015 0.203159 0.11422 0 0 -1
-0.855988 50.1116 65.8015 0.203159 0.020134 0 0 -1
0.839669 50.1116 65.8015 0.186697 0.020134 0 0 -1
0.839669 40.4205 65.8015 0.186697 0.11422 0 0 -1
0.839669 50.1116 65.8015 0.145789 0.200083 1 0 -0
0.839669 40.4205 67.1533 0.239875 0.186959 1 0 -0
0.839669 40.4205 65.8015 0.239875 0.200083 1 0 -0
0.839669 50.1116 67.1533 0.145789 0.186959 1 0 -0
0.839669 40.4205 67.1533 0.239875 0.186959 1 0 -0
0.839669 50.1116 65.8015 0.145789 0.200083 1 0 -0
0.839669 50.1116 67.1533 0.186712 0.020173 0 0 1
-0.855988 40.4205 67.1533 0.203174 0.114259 0 0 1
0.839669 40.4205 67.1533 0.186712 0.114259 0 0 1
-0.855988 50.1116 67.1533 0.203174 0.020173 0 0 1
-0.855988 40.4205 67.1533 0.203174 0.114259 0 0 1
0.839669 50.1116 67.1533 0.186712 0.020173 0 0 1
-0.855988 50.1116 67.1533 0.145789 0.200088 -1 0 -0
-0.855988 40.4205 65.8015 0.239875 0.186964 -1 0 -0
-0.855988 40.4205 67.1533 0.239875 0.200088 -1 0 -0
-0.855988 50.1116 65.8015 0.145789 0.186964 -1 0 -0
-0.855988 40.4205 65.8015 0.239875 0.186964 -1 0 -0
-0.855988 50.1116 67.1533 0.145789 0.200088 -1 0 -0
6.59529 46.0322 65.8015 0.130818 0.059739 0 0 -1
2.92716 40.4205 65.8015 0.16643 0.11422 0 0 -1
0.839669 40.4205 65.8015 0.186697 0.11422 0 0 -1
6.59529 46.0322 65.8015 0.130818 0.059739 0 0 -1
8.31141 45.6112 65.8015 0.114157 0.063825 0 0 -1
2.92716 40.4205 65.8015 0.16643 0.11422 0 0 -1
8.31141 45.6112 65.8015 0.220949 0.204298 0.694048 -0.719929 -0
2.92716 40.4205 67.1533 0.168675 0.217422 0.694048 -0.719929 -0
2.92716 40.4205 65.8015 0.168675 0.204298 0.694048 -0.719929 -0
8.31141 45.6112 67.1533 0.220949 0.217422 0.694051 -0.719926 -0
2.92716 40.4205 67.1533 0.168675 0.217422 0.694051 -0.719926 -0
8.31141 45.6112 65.8015 0.220949 0.204298 0.694051 -0.719926 -0
2.92716 40.4205 67.1533 0.166445 0.114259 0 0 1
6.59529 46.0322 67.1533 0.130833 0.059778 0 0 1
0.839669 40.4205 67.1533 0.186712 0.114259 0 0 1
8.31141 45.6112 67.1533 0.114172 0.063865 0 0 1
6.59529 46.0322 67.1533 0.130833 0.059778 0 0 1
2.92716 40.4205 67.1533 0.166445 0.114259 0 0 1
6.59529 46.0322 67.1533 0.168663 0.217422 -0.698099 0.716001 -0
0.839669 40.4205 65.8015 0.220949 0.204297 -0.698099 0.716001 -0
0.839669 40.4205 67.1533 0.220949 0.217422 -0.698099 0.716001 -0
6.59529 46.0322 65.8015 0.168663 0.204297 -0.698094 0.716007 -0
0.839669 40.4205 65.8015 0.220949 0.204297 -0.698093 0.716007 -0
6.59529 46.0322 67.1533 0.168663 0.217422 -0.698094 0.716007 -0
-6.44281 45.9922 65.8015 0.257399 0.060127 -5e-006 0 -1
-2.95495 40.4205 65.8015 0.223537 0.11422 -5e-006 0 -1
-7.89223 45.4939 65.8015 0.271471 0.064965 -5e-006 0 -1
-6.44281 45.9922 65.8015 0.257399 0.060127 0 0 -1
-0.855988 40.4205 65.8015 0.203159 0.11422 0 0 -1
-2.95495 40.4205 65.8015 0.223537 0.11422 0 0 -1
-6.44281 45.9922 65.8015 0.171097 0.234633 0.706146 0.708067 -0
-0.855988 40.4205 67.1533 0.219005 0.221509 0.706146 0.708067 -0
-0.855988 40.4205 65.8015 0.219005 0.234633 0.706146 0.708067 -0
-6.44281 45.9922 67.1533 0.171097 0.221509 0.706149 0.708064 -0
-0.855988 40.4205 67.1533 0.219005 0.221509 0.706149 0.708064 -0
-6.44281 45.9922 65.8015 0.171097 0.234633 0.706149 0.708064 -0
-6.44281 45.9922 67.1533 0.257414 0.060166 0 0 1
-2.95495 40.4205 67.1533 0.223552 0.114259 0 0 1
-0.855988 40.4205 67.1533 0.203174 0.114259 0 0 1
-7.89223 45.4939 67.1533 0.271486 0.065004 -5e-006 0 1
-2.95495 40.4205 67.1533 0.223552 0.114259 -5e-006 0 1
-6.44281 45.9922 67.1533 0.257414 0.060166 -5e-006 0 1
-7.89223 45.4939 67.1533 0.171087 0.234634 -0.716651 -0.697432 -0
-2.95495 40.4205 65.8015 0.219005 0.22151 -0.716651 -0.697432 -0
-2.95495 40.4205 67.1533 0.219005 0.234634 -0.716651 -0.697432 -0
-7.89223 45.4939 65.8015 0.171087 0.22151 -0.716648 -0.697435 -0
-2.95495 40.4205 65.8015 0.219005 0.22151 -0.716648 -0.697435 -0
-7.89223 45.4939 67.1533 0.171087 0.234634 -0.716648 -0.697435 -0
21.4705 -0.849932 -42.6099 0.286179 0.733253 0 0 -1
26.1173 -2.5049 -42.6099 0.253131 0.746368 0 0 -1
21.4705 -2.5049 -42.6099 0.253131 0.733253 0 0 -1
26.1173 -0.849932 -42.6099 0.286179 0.746368 0 0 -1
26.1173 -2.5049 -42.6099 0.253131 0.746368 0 0 -1
21.4705 -0.849932 -42.6099 0.286179 0.733253 0 0 -1
21.4705 -2.5049 66.3001 0.286157 0.733253 0 0 1
26.1173 -0.849932 66.3001 0.253108 0.746368 0 0 1
21.4705 -0.849932 66.3001 0.253108 0.733253 0 0 1
26.1173 -2.5049 66.3001 0.286157 0.746368 0 0 1
26.1173 -0.849932 66.3001 0.253108 0.746368 0 0 1
21.4705 -2.5049 66.3001 0.286157 0.733253 0 0 1
21.4705 -2.5049 -42.6099 0.251963 0.732678 0 -1 -0
26.1173 -2.5049 66.3001 0.28741 0.986359 0 -1 -0
21.4705 -2.5049 66.3001 0.251963 0.986359 0 -1 -0
26.1173 -2.5049 -42.6099 0.28741 0.732678 0 -1 -0
26.1173 -2.5049 66.3001 0.28741 0.986359 0 -1 -0
21.4705 -2.5049 -42.6099 0.251963 0.732678 0 -1 -0
26.1173 -0.849932 -42.6099 0.305913 0.732678 1 0 -0
26.1173 -2.5049 66.3001 0.293288 0.986359 1 0 -0
26.1173 -2.5049 -42.6099 0.293288 0.732678 1 0 -0
26.1173 -0.849932 66.3001 0.305913 0.986359 1 0 -0
26.1173 -2.5049 66.3001 0.293288 0.986359 1 0 -0
26.1173 -0.849932 -42.6099 0.305913 0.732678 1 0 -0
21.4705 -0.849932 66.3001 0.305918 0.732678 -1 0 -0
21.4705 -2.5049 -42.6099 0.293294 0.986359 -1 0 -0
21.4705 -2.5049 66.3001 0.293294 0.732678 -1 0 -0
21.4705 -0.849932 -42.6099 0.305918 0.986359 -1 0 -0
21.4705 -2.5049 -42.6099 0.293294 0.986359 -1 0 -0
21.4705 -0.849932 66.3001 0.305918 0.732678 -1 0 -0
-2.32162 -0.849932 -42.6099 0.286179 0.733253 0 0 -1
2.32517 -2.5049 -42.6099 0.253131 0.746368 0 0 -1
-2.32162 -2.5049 -42.6099 0.253131 0.733253 0 0 -1
2.32517 -0.849932 -42.6099 0.286179 0.746368 0 0 -1
2.32517 -2.5049 -42.6099 0.253131 0.746368 0 0 -1
-2.32162 -0.849932 -42.6099 0.286179 0.733253 0 0 -1
-2.32162 -2.5049 66.3001 0.286157 0.733253 0 0 1
2.32517 -0.849932 66.3001 0.253108 0.746368 0 0 1
-2.32162 -0.849932 66.3001 0.253108 0.733253 0 0 1
2.32517 -2.5049 66.3001 0.286157 0.746368 0 0 1
2.32517 -0.849932 66.3001 0.253108 0.746368 0 0 1
-2.32162 -2.5049 66.3001 0.286157 0.733253 0 0 1
-2.32162 -2.5049 -42.6099 0.251963 0.732678 0 -1 -0
2.32517 -2.5049 66.3001 0.28741 0.986359 0 -1 -0
-2.32162 -2.5049 66.3001 0.251963 0.986359 0 -1 -0
2.32517 -2.5049 -42.6099 0.28741 0.732678 0 -1 -0
2.32517 -2.5049 66.3001 0.28741 0.986359 0 -1 -0
-2.32162 -2.5049 -42.6099 0.251963 0.732678 0 -1 -0
2.32517 -0.849932 -42.6099 0.305913 0.732678 1 0 -0
2.32517 -2.5049 66.3001 0.293288 0.986359 1 0 -0
2.32517 -2.5049 -42.6099 0.293288 0.732678 1 0 -0
2.32517 -0.849932 66.3001 0.305913 0.986359 1 0 -0
2.32517 -2.5049 66.3001 0.293288 0.986359 1 0 -0
2.32517 -0.849932 -42.6099 0.305913 0.732678 1 0 -0
-2.32162 -0.849932 66.3001 0.305918 0.732678 -1 0 -0
-2.32162 -2.5049 -42.6099 0.293294 0.986359 -1 0 -0
-2.32162 -2.5049 66.3001 0.293294 0.732678 -1 0 -0
-2.32162 -0.849932 -42.6099 0.305918 0.986359 -1 0 -0
-2.32162 -2.5049 -42.6099 0.293294 0.986359 -1 0 -0
-2.32162 -0.849932 66.3001 0.305918 0.732678 -1 0 -0
-25.959 -0.849932 -42.6099 0.286179 0.733253 0 0 -1
-21.3122 -2.5049 -42.6099 0.253131 0.746368 0 0 -1
-25.959 -2.5049 -42.6099 0.253131 0.733253 0 0 -1
-21.3122 -0.849932 -42.6099 0.286179 0.746368 0 0 -1
-21.3122 -2.5049 -42.6099 0.253131 0.746368 0 0 -1
-25.959 -0.849932 -42.6099 0.286179 0.733253 0 0 -1
-25.959 -2.5049 66.3001 0.286157 0.733253 0 0 1
-21.3122 -0.849932 66.3001 0.253108 0.746368 0 0 1
-25.959 -0.849932 66.3001 0.253108 0.733253 0 0 1
-21.3122 -2.5049 66.3001 0.286157 0.746368 0 0 1
-21.3122 -0.849932 66.3001 0.253108 0.746368 0 0 1
-25.959 -2.5049 66.3001 0.286157 0.733253 0 0 1
-25.959 -2.5049 -42.6099 0.251963 0.732678 0 -1 -0
-21.3122 -2.5049 66.3001 0.28741 0.986359 0 -1 -0
-25.959 -2.5049 66.3001 0.251963 0.986359 0 -1 -0
-21.3122 -2.5049 -42.6099 0.28741 0.732678 0 -1 -0
-21.3122 -2.5049 66.3001 0.28741 0.986359 0 -1 -0
-25.959 -2.5049 -42.6099 0.251963 0.732678 0 -1 -0
-21.3122 -0.849932 -42.6099 0.305913 0.732678 1 0 -0
-21.3122 -2.5049 66.3001 0.293288 0.986359 1 0 -0
-21.3122 -2.5049 -42.6099 0.293288 0.732678 1 0 -0
-21.3122 -0.849932 66.3001 0.305913 0.986359 1 0 -0
-21.3122 -2.5049 66.3001 0.293288 0.986359 1 0 -0
-21.3122 -0.849932 -42.6099 0.305913 0.732678 1 0 -0
-25.959 -0.849932 66.3001 0.305918 0.732678 -1 0 -0
-25.959 -2.5049 -42.6099 0.293294 0.986359 -1 0 -0
-25.959 -2.5049 66.3001 0.293294 0.732678 -1 0 -0
-25.959 -0.849932 -42.6099 0.305918 0.986359 -1 0 -0
-25.959 -2.5049 -42.6099 0.293294 0.986359 -1 0 -0
-25.959 -0.849932 66.3001 0.305918 0.732678 -1 0 -0
32.5046 28.7577 67.8077 0.967982 0.789101 -0.548559 -0.836112 -0
0.027711 50.0653 -48.7759 0.759957 0.880815 -0.548559 -0.836112 -0
32.5046 28.7577 -48.7759 0.759957 0.789101 -0.548559 -0.836112 -0
0.027711 50.0653 67.8077 0.967982 0.880815 -0.548559 -0.836112 -0
0.027711 50.0653 -48.7759 0.759957 0.880815 -0.548559 -0.836112 -0
32.5046 28.7577 67.8077 0.967982 0.789101 -0.548559 -0.836112 -0
33.3147 29.5904 67.8077 0.724928 0.67921 -5e-006 0 1
0.027711 50.0653 67.8077 0.589669 0.596012 -5e-006 0 1
32.5046 28.7577 67.8077 0.721637 0.682593 -5e-006 0 1
33.3147 29.5904 67.8077 0.724928 0.67921 0 0 1
0.029299 51.2998 67.8077 0.589675 0.590995 0 0 1
0.027711 50.0653 67.8077 0.589669 0.596012 0 0 1
33.3147 29.5904 -48.7759 0.967982 0.598197 0.546296 0.837592 -0
0.029299 51.2998 67.8077 0.759957 0.692194 0.546296 0.837592 -0
33.3147 29.5904 67.8077 0.759957 0.598197 0.546296 0.837592 -0
0.029299 51.2998 -48.7759 0.967983 0.692194 0.546296 0.837592 -0
0.029299 51.2998 67.8077 0.759957 0.692194 0.546296 0.837592 -0
33.3147 29.5904 -48.7759 0.967982 0.598197 0.546296 0.837592 -0
33.3147 29.5904 -48.7759 0.724966 0.679182 6e-006 0 -1
0.027711 50.0653 -48.7759 0.589706 0.595983 6e-006 0 -1
0.029299 51.2998 -48.7759 0.589713 0.590967 6e-006 0 -1
32.5046 28.7577 -48.7759 0.721674 0.682565 -3e-006 0 -1
0.027711 50.0653 -48.7759 0.589706 0.595983 -3e-006 0 -1
33.3147 29.5904 -48.7759 0.724966 0.679182 -3e-006 0 -1
33.3147 29.5904 67.8077 0.967982 0.786814 0.716763 -0.697317 -0
32.5046 28.7577 -48.7759 0.759957 0.789101 0.716763 -0.697317 -0
33.3147 29.5904 -48.7759 0.759957 0.786814 0.716763 -0.697317 -0
32.5046 28.7577 67.8077 0.967982 0.789101 0.716763 -0.697317 -0
32.5046 28.7577 -48.7759 0.759957 0.789101 0.716763 -0.697317 -0
33.3147 29.5904 67.8077 0.967982 0.786814 0.716763 -0.697317 -0
0.027711 50.0653 67.8077 0.967982 0.880815 0.556933 -0.830557 -0
-31.6357 28.8332 -48.7759 0.759957 0.970231 0.556933 -0.830557 -0
0.027711 50.0653 -48.7759 0.759957 0.880815 0.556933 -0.830557 -0
-31.6357 28.8332 67.8077 0.967982 0.970231 0.556933 -0.830558 -0
-31.6357 28.8332 -48.7759 0.759957 0.970231 0.556933 -0.830557 -0
0.027711 50.0653 67.8077 0.967982 0.880815 0.556933 -0.830557 -0
-32.4458 29.6659 67.8077 0.457715 0.678903 0 0 1
0.027711 50.0653 67.8077 0.589669 0.596012 0 0 1
0.029299 51.2998 67.8077 0.589675 0.590995 0 0 1
-32.4458 29.6659 67.8077 0.457715 0.678903 0 0 1
-31.6357 28.8332 67.8077 0.461006 0.682286 0 0 1
0.027711 50.0653 67.8077 0.589669 0.596012 0 0 1
0.029299 51.2998 -48.7759 0.967983 0.692194 -0.554414 0.832241 -0
-32.4458 29.6659 67.8077 0.759957 0.783902 -0.554414 0.832241 -0
0.029299 51.2998 67.8077 0.759957 0.692194 -0.554414 0.832241 -0
-32.4458 29.6659 -48.7759 0.967982 0.783902 -0.554414 0.832241 -0
-32.4458 29.6659 67.8077 0.759957 0.783902 -0.554414 0.832241 -0
0.029299 51.2998 -48.7759 0.967983 0.692194 -0.554414 0.832241 -0
0.027711 50.0653 -48.7759 0.589706 0.595983 -1e-006 0 -1
-32.4458 29.6659 -48.7759 0.457752 0.678875 -1e-006 0 -1
0.029299 51.2998 -48.7759 0.589713 0.590967 -1e-006 0 -1
-31.6357 28.8332 -48.7759 0.461044 0.682258 0 0 -1
-32.4458 29.6659 -48.7759 0.457752 0.678875 0 0 -1
0.027711 50.0653 -48.7759 0.589706 0.595983 0 0 -1
-31.6357 28.8332 67.8077 0.967982 0.970231 -0.716763 -0.697317 -0
-32.4458 29.6659 -48.7759 0.759957 0.972519 -0.716763 -0.697317 -0
-31.6357 28.8332 -48.7759 0.759957 0.970231 -0.716763 -0.697317 -0
-32.4458 29.6659 67.8077 0.967982 0.972519 -0.716765 -0.697315 -0
-32.4458 29.6659 -48.7759 0.759957 0.972519 -0.716765 -0.697315 -0
-31.6357 28.8332 67.8077 0.967982 0.970231 -0.716765 -0.697315 -0
6.63594 44.9983 45.7058 0.57847 0.058367 -5e-006 0 1
28.2132 31.7811 45.7058 0.683088 0.129881 -5e-006 0 1
6.63631 45.7826 45.7058 0.578472 0.054123 -5e-006 0 1
28.2132 31.7811 45.7058 0.683088 0.129881 0 0 1
6.63129 34.9536 45.7058 0.578447 0.112716 0 0 1
6.62981 31.7811 45.7058 0.57844 0.129881 0 0 1
6.63594 44.9983 45.7058 0.57847 0.058367 0 0 1
6.63129 34.9536 45.7058 0.578447 0.112716 0 0 1
28.2132 31.7811 45.7058 0.683088 0.129881 0 0 1
-27.6133 31.7811 -45.8315 0.669051 0.9892 0.551789 -0.833984 -0
-6.67893 45.6319 45.7058 0.517268 0.941304 0.551789 -0.833983 -0
-27.6133 31.7811 45.7058 0.517268 0.9892 0.551789 -0.833983 -0
-6.67893 45.6319 45.7058 0.517268 0.941304 -0.551789 0.833984 -0
-6.70142 45.6171 -45.8315 0.669051 0.941356 -0.551789 0.833984 -0
-27.6133 31.7811 -45.8315 0.669051 0.9892 -0.551789 0.833983 -0
-6.67893 45.6319 45.7058 0.517268 0.941304 -0.55179 0.833984 0
0.029014 50.0701 -45.8315 0.669051 0.925957 -0.551789 0.833983 0
-6.70142 45.6171 -45.8315 0.669051 0.941356 -0.55179 0.833983 0
-6.67893 45.6319 45.7058 0.517268 0.941304 -0.551789 0.833983 -0
0.029014 50.0701 45.7058 0.517268 0.925957 -0.551789 0.833984 -0
0.029014 50.0701 -45.8315 0.669051 0.925957 -0.551789 0.833984 -0
-6.70006 44.9324 -45.8315 0.809112 0.059759 -1e-006 0 -1
-27.6133 31.7811 -45.8315 0.707714 0.130917 -1e-006 0 -1
-6.70142 45.6171 -45.8315 0.809106 0.056055 -1e-006 0 -1
-27.6133 31.7811 -45.8315 0.707714 0.130917 -0 0 -1
-6.68018 34.9799 -45.8315 0.809209 0.113609 -0 0 -1
-6.6738 31.7811 -45.8315 0.809239 0.130917 -0 0 -1
-6.70006 44.9324 -45.8315 0.809112 0.059759 0 0 -1
-6.68018 34.9799 -45.8315 0.809209 0.113609 0 0 -1
-27.6133 31.7811 -45.8315 0.707714 0.130917 0 0 -1
6.64224 45.7787 -45.8315 0.669051 0.911118 0.544346 0.838861 -0
28.2132 31.7811 45.7058 0.517268 0.862714 0.544346 0.838861 -0
28.2132 31.7811 -45.8315 0.669051 0.862714 0.544346 0.838861 -0
6.64224 45.7787 -45.8315 0.669051 0.911118 0.544346 0.838861 0
6.63631 45.7826 45.7058 0.517268 0.911131 0.544346 0.838861 0
28.2132 31.7811 45.7058 0.517268 0.862714 0.544346 0.838861 0
6.63631 45.7826 45.7058 0.517268 0.911131 0.544346 0.838861 -0
0.029014 50.0701 -45.8315 0.669051 0.925957 0.544346 0.838861 -0
0.029014 50.0701 45.7058 0.517268 0.925957 0.544346 0.838861 -0
6.64224 45.7787 -45.8315 0.669051 0.911118 0.544346 0.838861 0
0.029014 50.0701 -45.8315 0.669051 0.925957 0.544346 0.838861 0
6.63631 45.7826 45.7058 0.517268 0.911131 0.544346 0.838861 0
6.63594 44.9983 45.7058 0.57847 0.058367 -0 0 1
-6.67893 45.6319 45.7058 0.513912 0.054938 -0 0 1
-6.67865 44.9713 45.7058 0.513914 0.058513 -0 0 1
6.63631 45.7826 45.7058 0.578472 0.054123 0 0 1
-6.67893 45.6319 45.7058 0.513912 0.054938 0 0 1
6.63594 44.9983 45.7058 0.57847 0.058367 0 0 1
0.029014 50.0701 45.7058 0.546436 0.030925 0 0 1
-6.67893 45.6319 45.7058 0.513912 0.054938 0 0 1
6.63631 45.7826 45.7058 0.578472 0.054123 0 0 1
-27.6133 31.7811 45.7058 0.412411 0.129881 0 0 1
-6.67865 44.9713 45.7058 0.513914 0.058513 0 0 1
-6.67893 45.6319 45.7058 0.513912 0.054938 0 0 1
-6.67446 34.9859 45.7058 0.513934 0.112541 0 0 1
-27.6133 31.7811 45.7058 0.412411 0.129881 0 0 1
-6.67311 31.7811 45.7058 0.51394 0.129881 0 0 1
-6.67865 44.9713 45.7058 0.513914 0.058513 0 -0 1
-27.6133 31.7811 45.7058 0.412411 0.129881 0 -0 1
-6.67446 34.9859 45.7058 0.513934 0.112541 0 -0 1
5.08452 43.8269 45.7058 0.570948 0.064705 0 0 1
-5.12012 36.1508 45.7058 0.52147 0.106238 0 0 1
5.08095 36.126 45.7058 0.57093 0.106372 0 0 1
5.08452 43.8269 45.7058 0.570948 0.064705 -1e-006 -0 1
-5.12333 43.8062 45.7058 0.521455 0.064817 -1e-006 -0 1
-5.12012 36.1508 45.7058 0.52147 0.106238 -1e-006 -0 1
6.63129 34.9536 45.7058 0.578447 0.112716 0 0 1
-6.67311 31.7811 45.7058 0.51394 0.129881 0 0 1
6.62981 31.7811 45.7058 0.57844 0.129881 0 0 1
6.63129 34.9536 45.7058 0.578447 0.112716 0 -0 1
-6.67446 34.9859 45.7058 0.513934 0.112541 0 -0 1
-6.67311 31.7811 45.7058 0.51394 0.129881 0 -0 1
-6.70142 45.6171 -45.8315 0.809106 0.056055 -0 0 -1
6.64192 44.9925 -45.8315 0.873801 0.059434 -0 0 -1
-6.70006 44.9324 -45.8315 0.809112 0.059759 -0 0 -1
-6.70142 45.6171 -45.8315 0.809106 0.056055 0 0 -1
6.64224 45.7787 -45.8315 0.873803 0.05518 0 0 -1
6.64192 44.9925 -45.8315 0.873801 0.059434 0 0 -1
-6.70142 45.6171 -45.8315 0.809106 0.056055 -0 0 -1
0.029014 50.0701 -45.8315 0.841738 0.031961 -0 0 -1
6.64224 45.7787 -45.8315 0.873803 0.05518 -0 0 -1
28.2132 31.7811 -45.8315 0.97839 0.130917 0 0 -1
6.64192 44.9925 -45.8315 0.873801 0.059434 0 0 -1
6.64224 45.7787 -45.8315 0.873803 0.05518 0 0 -1
6.63792 34.9567 -45.8315 0.873782 0.113734 0 0 -1
28.2132 31.7811 -45.8315 0.97839 0.130917 0 0 -1
6.63665 31.7811 -45.8315 0.873776 0.130917 0 0 -1
6.63792 34.9567 -45.8315 0.873782 0.113734 0 0 -1
6.64192 44.9925 -45.8315 0.873801 0.059434 0 0 -1
28.2132 31.7811 -45.8315 0.97839 0.130917 0 0 -1
-6.6738 31.7811 -45.8315 0.809239 0.130917 0 0 -1
6.63792 34.9567 -45.8315 0.873782 0.113734 0 0 -1
6.63665 31.7811 -45.8315 0.873776 0.130917 0 0 -1
-6.68018 34.9799 -45.8315 0.809209 0.113609 0 0 -1
6.63792 34.9567 -45.8315 0.873782 0.113734 0 0 -1
-6.6738 31.7811 -45.8315 0.809239 0.130917 0 0 -1
-5.13979 43.7741 -45.8315 0.816677 0.066027 0 0 -1
5.08599 36.126 -45.8315 0.866257 0.107408 0 0 -1
-5.12456 36.1438 -45.8315 0.816751 0.107311 0 0 -1
5.08906 43.8201 -45.8315 0.866272 0.065778 1e-006 0 -1
5.08599 36.126 -45.8315 0.866257 0.107408 1e-006 0 -1
-5.13979 43.7741 -45.8315 0.816677 0.066027 1e-006 0 -1
5.08095 36.126 45.7058 0.57093 0.106372 0 -0 1
-6.67446 34.9859 45.7058 0.513934 0.112541 0 -0 1
6.63129 34.9536 45.7058 0.578447 0.112716 0 -0 1
5.08095 36.126 45.7058 0.57093 0.106372 -1e-006 0 1
-5.12012 36.1508 45.7058 0.52147 0.106238 -1e-006 0 1
-6.67446 34.9859 45.7058 0.513934 0.112541 -1e-006 0 1
-5.12012 36.1508 45.7058 0.52147 0.106238 0 -0 1
-6.67865 44.9713 45.7058 0.513914 0.058513 0 -0 1
-6.67446 34.9859 45.7058 0.513934 0.112541 0 -0 1
-5.12012 36.1508 45.7058 0.52147 0.106238 0 -0 1
-5.12333 43.8062 45.7058 0.521455 0.064817 0 -0 1
-6.67865 44.9713 45.7058 0.513914 0.058513 0 -0 1
-5.12333 43.8062 45.7058 0.521455 0.064817 0 0 1
6.63594 44.9983 45.7058 0.57847 0.058367 0 0 1
-6.67865 44.9713 45.7058 0.513914 0.058513 0 0 1
-5.12333 43.8062 45.7058 0.521455 0.064817 -1e-006 0 1
5.08452 43.8269 45.7058 0.570948 0.064705 -1e-006 0 1
6.63594 44.9983 45.7058 0.57847 0.058367 -1e-006 0 1
5.08452 43.8269 45.7058 0.570948 0.064705 0 0 1
6.63129 34.9536 45.7058 0.578447 0.112716 0 0 1
6.63594 44.9983 45.7058 0.57847 0.058367 0 0 1
5.08452 43.8269 45.7058 0.570948 0.064705 0 0 1
5.08095 36.126 45.7058 0.57093 0.106372 0 0 1
6.63129 34.9536 45.7058 0.578447 0.112716 0 0 1
-5.12456 36.1438 -45.8315 0.816751 0.107311 -0 -7e-006 -1
6.63792 34.9567 -45.8315 0.873782 0.113734 -0 -7e-006 -1
-6.68018 34.9799 -45.8315 0.809209 0.113609 -0 -7e-006 -1
5.08599 36.126 -45.8315 0.866257 0.107408 0 -7e-006 -1
6.63792 34.9567 -45.8315 0.873782 0.113734 0 -7e-006 -1
-5.12456 36.1438 -45.8315 0.816751 0.107311 0 -7e-006 -1
5.08599 36.126 -45.8315 0.866257 0.107408 3e-006 -0 -1
6.64192 44.9925 -45.8315 0.873801 0.059434 3e-006 -0 -1
6.63792 34.9567 -45.8315 0.873782 0.113734 3e-006 -0 -1
5.08906 43.8201 -45.8315 0.866272 0.065778 5e-006 -0 -1
6.64192 44.9925 -45.8315 0.873801 0.059434 5e-006 -0 -1
5.08599 36.126 -45.8315 0.866257 0.107408 5e-006 -0 -1
5.08906 43.8201 -45.8315 0.866272 0.065778 0 7e-006 -1
-6.70006 44.9324 -45.8315 0.809112 0.059759 0 7e-006 -1
6.64192 44.9925 -45.8315 0.873801 0.059434 0 7e-006 -1
-5.13979 43.7741 -45.8315 0.816677 0.066027 0 7e-006 -1
-6.70006 44.9324 -45.8315 0.809112 0.059759 0 7e-006 -1
5.08906 43.8201 -45.8315 0.866272 0.065778 0 7e-006 -1
-5.13979 43.7741 -45.8315 0.816677 0.066027 -4e-006 -0 -1
-6.68018 34.9799 -45.8315 0.809209 0.113609 -4e-006 -0 -1
-6.70006 44.9324 -45.8315 0.809112 0.059759 -4e-006 -0 -1
-5.12456 36.1438 -45.8315 0.816751 0.107311 -1e-005 -0 -1
-6.68018 34.9799 -45.8315 0.809209 0.113609 -1e-005 -0 -1
-5.13979 43.7741 -45.8315 0.816677 0.066027 -1e-005 -0 -1
-6.67034 5.80049 45.7058 0.513954 0.270454 0 0 1
-27.6622 0 45.7058 0.412174 0.301839 0 0 1
-6.67034 0 45.7058 0.513954 0.301839 0 0 1
-11.4235 5.80049 45.7058 0.490908 0.270454 0 0 1
-27.6622 0 45.7058 0.412174 0.301839 0 0 1
-6.67034 5.80049 45.7058 0.513954 0.270454 0 0 1
-23.1022 5.80049 45.7058 0.434283 0.270454 0 0 1
-27.6622 0 45.7058 0.412174 0.301839 0 0 1
-11.4235 5.80049 45.7058 0.490908 0.270454 0 0 1
-27.6622 5.80049 45.7058 0.412174 0.270454 0 0 1
-27.6622 0 45.7058 0.412174 0.301839 0 0 1
-23.1022 5.80049 45.7058 0.434283 0.270454 0 0 1
-6.67034 0 -45.8315 0.809256 0.302874 0 0 -1
-27.6622 5.80049 -45.8315 0.707476 0.27149 0 0 -1
-6.67034 5.80049 -45.8315 0.809256 0.27149 0 0 -1
-27.6622 0 -45.8315 0.707476 0.302874 0 0 -1
-27.6622 5.80049 -45.8315 0.707476 0.27149 0 0 -1
-6.67034 0 -45.8315 0.809256 0.302874 0 0 -1
-27.6622 5.80049 45.7058 0.973477 0.52463 -1 0 -0
-27.6622 0 -45.8315 0.4535 0.564136 -1 0 -0
-27.6622 0 45.7058 0.973477 0.564136 -1 0 -0
-27.6622 5.80049 29.7073 0.882598 0.52463 -1 2e-006 -0
-27.6622 0 -45.8315 0.4535 0.564136 -1 2e-006 -0
-27.6622 5.80049 45.7058 0.973477 0.52463 -1 2e-006 -0
-27.6623 5.80049 15.749 0.803308 0.52463 -1 -4e-006 0
-27.6622 0 -45.8315 0.4535 0.564136 -1 -4e-006 0
-27.6622 5.80049 29.7073 0.882598 0.52463 -1 -4e-006 0
-27.6623 5.80049 -16.1917 0.621869 0.52463 -1 -1e-006 -0
-27.6622 0 -45.8315 0.4535 0.564136 -1 -1e-006 -0
-27.6623 5.80049 15.749 0.803308 0.52463 -1 -1e-006 -0
-27.6623 5.80049 -29.8553 0.544252 0.52463 -1 -1e-006 -0
-27.6622 0 -45.8315 0.4535 0.564136 -1 -1e-006 -0
-27.6623 5.80049 -16.1917 0.621869 0.52463 -1 -1e-006 -0
-27.6622 5.80049 -45.8315 0.4535 0.52463 -1 0 -0
-27.6622 0 -45.8315 0.4535 0.564136 -1 0 -0
-27.6623 5.80049 -29.8553 0.544252 0.52463 -1 0 -0
28.1642 5.80049 -29.8553 0.544513 0.524827 1 0 -0
28.1642 0 -45.8315 0.45376 0.564333 1 0 -0
28.1642 5.80049 -45.8315 0.45376 0.524827 1 0 -0
28.1642 5.80049 -29.8553 0.544513 0.524827 1 -0 -0
28.1642 0 45.7058 0.973737 0.564333 1 -0 -0
28.1642 0 -45.8315 0.45376 0.564333 1 -0 -0
28.1642 5.80049 -16.1917 0.622129 0.524827 1 -2e-006 -0
28.1642 0 45.7058 0.973737 0.564333 1 -2e-006 -0
28.1642 5.80049 -29.8553 0.544513 0.524827 1 -2e-006 -0
28.1642 5.80049 15.749 0.803568 0.524827 1 1e-006 -0
28.1642 0 45.7058 0.973737 0.564333 1 1e-006 -0
28.1642 5.80049 -16.1917 0.622129 0.524827 1 1e-006 -0
28.1642 5.80049 29.7073 0.882858 0.524827 1 -2e-006 -0
28.1642 0 45.7058 0.973737 0.564333 1 -2e-006 -0
28.1642 5.80049 15.749 0.803568 0.524827 1 -2e-006 -0
28.1642 5.80049 29.7073 0.882858 0.524827 1 0 0
28.1642 5.80049 45.7058 0.973737 0.524827 1 0 0
28.1642 0 45.7058 0.973737 0.564333 1 0 0
28.1642 31.7811 -29.8553 0.544513 0.347879 1 0 -0
28.1642 22.6809 -45.8315 0.45376 0.409858 1 0 -0
28.1642 31.7811 -45.8315 0.45376 0.347879 1 0 -0
28.1642 31.7811 -29.8553 0.544513 0.347879 1 0 -0
28.1642 22.6809 -29.8553 0.544513 0.409858 1 0 -0
28.1642 22.6809 -45.8315 0.45376 0.409858 1 0 -0
28.1642 31.7811 -16.1917 0.622129 0.347879 1 0 -0
28.1642 22.6809 -29.8553 0.544513 0.409858 1 0 -0
28.1642 31.7811 -29.8553 0.544513 0.347879 1 0 -0
28.1642 31.7811 -16.1917 0.622129 0.347879 1 0 -0
28.1642 22.6809 -16.1917 0.622129 0.409858 1 0 -0
28.1642 22.6809 -29.8553 0.544513 0.409858 1 0 -0
28.1642 31.7811 -16.1917 0.622129 0.347879 1 0 -0
28.1642 22.6809 15.749 0.803568 0.409858 1 0 -0
28.1642 22.6809 -16.1917 0.622129 0.409858 1 0 -0
28.1642 31.7811 15.749 0.803568 0.347879 1 0 -0
28.1642 22.6809 15.749 0.803568 0.409858 1 0 -0
28.1642 31.7811 -16.1917 0.622129 0.347879 1 0 -0
28.1642 31.7811 15.749 0.803568 0.347879 1 0 -0
28.1642 22.6809 29.7073 0.882858 0.409858 1 0 -0
28.1642 22.6809 15.749 0.803568 0.409858 1 0 -0
28.1642 31.7811 29.7073 0.882858 0.347879 1 0 -0
28.1642 22.6809 29.7073 0.882858 0.409858 1 0 -0
28.1642 31.7811 15.749 0.803568 0.347879 1 0 -0
28.1642 31.7811 29.7073 0.882858 0.347879 1 0 0
28.1642 22.6809 45.7058 0.973737 0.409858 1 0 0
28.1642 22.6809 29.7073 0.882858 0.409858 1 0 0
28.1642 31.7811 29.7073 0.882858 0.347879 1 0 0
28.1642 31.7811 45.7058 0.973737 0.347879 1 0 0
28.1642 22.6809 45.7058 0.973737 0.409858 1 0 0
28.1642 22.6809 -45.8315 0.978153 0.180155 0 0 -1
-27.6622 31.7811 -45.8315 0.707476 0.130917 0 0 -1
28.1642 31.7811 -45.8315 0.978153 0.130917 0 0 -1
6.64402 22.6809 -45.8315 0.873811 0.180155 0 0 -1
-27.6622 31.7811 -45.8315 0.707476 0.130917 0 0 -1
28.1642 22.6809 -45.8315 0.978153 0.180155 0 0 -1
-6.67034 22.6809 -45.8315 0.809256 0.180155 0 0 -1
-27.6622 31.7811 -45.8315 0.707476 0.130917 0 0 -1
6.64402 22.6809 -45.8315 0.873811 0.180155 0 0 -1
-6.67034 22.6809 -45.8315 0.809256 0.180155 0 0 -1
-27.6622 22.6809 -45.8315 0.707476 0.180155 0 0 -1
-27.6622 31.7811 -45.8315 0.707476 0.130917 0 0 -1
-27.6622 31.7811 45.7058 0.973477 0.347682 -1 0 -0
-27.6622 22.6809 29.7073 0.882598 0.409661 -1 0 -0
-27.6622 22.6809 45.7058 0.973477 0.409661 -1 0 -0
-27.6622 31.7811 29.7073 0.882598 0.347682 -1 0 -0
-27.6622 22.6809 29.7073 0.882598 0.409661 -1 0 -0
-27.6622 31.7811 45.7058 0.973477 0.347682 -1 0 -0
-27.6622 31.7811 29.7073 0.882598 0.347682 -1 0 0
-27.6623 22.6809 15.749 0.803308 0.409661 -1 0 0
-27.6622 22.6809 29.7073 0.882598 0.409661 -1 0 0
-27.6623 31.7811 15.749 0.803308 0.347682 -1 0 0
-27.6623 22.6809 15.749 0.803308 0.409661 -1 0 0
-27.6622 31.7811 29.7073 0.882598 0.347682 -1 0 0
-27.6623 31.7811 15.749 0.803308 0.347682 -1 0 -0
-27.6623 22.6809 -16.1917 0.621869 0.409661 -1 0 -0
-27.6623 22.6809 15.749 0.803308 0.409661 -1 0 -0
-27.6623 31.7811 -16.1917 0.621869 0.347682 -1 0 -0
-27.6623 22.6809 -16.1917 0.621869 0.409661 -1 0 -0
-27.6623 31.7811 15.749 0.803308 0.347682 -1 0 -0
-27.6623 31.7811 -16.1917 0.621869 0.347682 -1 0 -0
-27.6623 22.6809 -29.8553 0.544252 0.409661 -1 0 -0
-27.6623 22.6809 -16.1917 0.621869 0.409661 -1 0 -0
-27.6623 31.7811 -29.8553 0.544252 0.347682 -1 0 -0
-27.6623 22.6809 -29.8553 0.544252 0.409661 -1 0 -0
-27.6623 31.7811 -16.1917 0.621869 0.347682 -1 0 -0
-27.6623 31.7811 -29.8553 0.544252 0.347682 -1 0 -0
-27.6622 22.6809 -45.8315 0.4535 0.409661 -1 0 -0
-27.6623 22.6809 -29.8553 0.544252 0.409661 -1 0 -0
-27.6622 31.7811 -45.8315 0.4535 0.347682 -1 0 -0
-27.6622 22.6809 -45.8315 0.4535 0.409661 -1 0 -0
-27.6623 31.7811 -29.8553 0.544252 0.347682 -1 0 -0
28.1642 31.7811 45.7058 0.68285 0.129881 0 0 1
23.1621 22.6809 45.7058 0.658597 0.179119 0 0 1
28.1642 22.6809 45.7058 0.68285 0.179119 0 0 1
-27.6622 31.7811 45.7058 0.412174 0.129881 0 0 1
23.1621 22.6809 45.7058 0.658597 0.179119 0 0 1
28.1642 31.7811 45.7058 0.68285 0.129881 0 0 1
-27.6622 31.7811 45.7058 0.412174 0.129881 0 0 1
11.6645 22.6809 45.7058 0.602851 0.179119 0 0 1
23.1621 22.6809 45.7058 0.658597 0.179119 0 0 1
-27.6622 31.7811 45.7058 0.412174 0.129881 0 0 1
6.64402 22.6809 45.7058 0.578509 0.179119 0 0 1
11.6645 22.6809 45.7058 0.602851 0.179119 0 0 1
-27.6622 31.7811 45.7058 0.412174 0.129881 0 0 1
-6.67034 22.6809 45.7058 0.513954 0.179119 0 0 1
6.64402 22.6809 45.7058 0.578509 0.179119 0 0 1
-27.6622 31.7811 45.7058 0.412174 0.129881 0 0 1
-11.4235 22.6809 45.7058 0.490908 0.179119 0 0 1
-6.67034 22.6809 45.7058 0.513954 0.179119 0 0 1
-27.6622 31.7811 45.7058 0.412174 0.129881 0 0 1
-23.1022 22.6809 45.7058 0.434283 0.179119 0 0 1
-11.4235 22.6809 45.7058 0.490908 0.179119 0 0 1
-27.6622 31.7811 45.7058 0.412174 0.129881 0 0 1
-27.6622 22.6809 45.7058 0.412174 0.179119 0 0 1
-23.1022 22.6809 45.7058 0.434283 0.179119 0 0 1
28.1642 5.80049 45.7058 0.68285 0.270454 0 0 1
6.64402 0 45.7058 0.578509 0.301839 0 0 1
28.1642 0 45.7058 0.68285 0.301839 0 0 1
23.1621 5.80049 45.7058 0.658597 0.270454 0 0 1
6.64402 0 45.7058 0.578509 0.301839 0 0 1
28.1642 5.80049 45.7058 0.68285 0.270454 0 0 1
11.6645 5.80049 45.7058 0.602851 0.270454 0 0 1
6.64402 0 45.7058 0.578509 0.301839 0 0 1
23.1621 5.80049 45.7058 0.658597 0.270454 0 0 1
6.64402 5.80049 45.7058 0.578509 0.270454 0 0 1
6.64402 0 45.7058 0.578509 0.301839 0 0 1
11.6645 5.80049 45.7058 0.602851 0.270454 0 0 1
28.1642 0 -45.8315 0.978153 0.302874 0 0 -1
6.64402 5.80049 -45.8315 0.873811 0.27149 0 0 -1
28.1642 5.80049 -45.8315 0.978153 0.27149 0 0 -1
6.64402 0 -45.8315 0.873811 0.302874 0 0 -1
6.64402 5.80049 -45.8315 0.873811 0.27149 0 0 -1
28.1642 0 -45.8315 0.978153 0.302874 0 0 -1
-6.67034 22.6809 45.7058 0.513954 0.179119 0 0 1
6.64402 5.80049 45.7058 0.578509 0.270454 0 0 1
6.64402 22.6809 45.7058 0.578509 0.179119 0 0 1
-6.67034 5.80049 45.7058 0.513954 0.270454 0 0 1
6.64402 5.80049 45.7058 0.578509 0.270454 0 0 1
-6.67034 22.6809 45.7058 0.513954 0.179119 0 0 1
-6.67034 5.80049 45.7058 0.513954 0.270454 0 0 1
6.64402 0 45.7058 0.578509 0.301839 0 0 1
6.64402 5.80049 45.7058 0.578509 0.270454 0 0 1
-6.67034 0 45.7058 0.513954 0.301839 0 0 1
6.64402 0 45.7058 0.578509 0.301839 0 0 1
-6.67034 5.80049 45.7058 0.513954 0.270454 0 0 1
-6.67034 5.80049 -45.8315 0.809256 0.27149 0 0 -1
6.64402 0 -45.8315 0.873811 0.302874 0 0 -1
-6.67034 0 -45.8315 0.809256 0.302874 0 0 -1
-6.67034 5.80049 -45.8315 0.809256 0.27149 0 0 -1
6.64402 5.80049 -45.8315 0.873811 0.27149 0 0 -1
6.64402 0 -45.8315 0.873811 0.302874 0 0 -1
-6.67034 22.6809 -45.8315 0.809256 0.180155 0 0 -1
6.64402 5.80049 -45.8315 0.873811 0.27149 0 0 -1
-6.67034 5.80049 -45.8315 0.809256 0.27149 0 0 -1
-6.67034 22.6809 -45.8315 0.809256 0.180155 0 0 -1
6.64402 22.6809 -45.8315 0.873811 0.180155 0 0 -1
6.64402 5.80049 -45.8315 0.873811 0.27149 0 0 -1
28.1642 22.6809 -45.8315 0.45376 0.409858 1 0 -0
28.1642 5.80049 -29.8553 0.544513 0.524827 1 0 -0
28.1642 5.80049 -45.8315 0.45376 0.524827 1 0 -0
28.1642 22.6809 -29.8553 0.544513 0.409858 1 0 -0
28.1642 5.80049 -29.8553 0.544513 0.524827 1 0 -0
28.1642 22.6809 -45.8315 0.45376 0.409858 1 0 -0
28.1642 5.80049 -45.8315 0.978153 0.27149 0 0 -1
6.64402 22.6809 -45.8315 0.873811 0.180155 0 0 -1
28.1642 22.6809 -45.8315 0.978153 0.180155 0 0 -1
6.64402 5.80049 -45.8315 0.873811 0.27149 0 0 -1
6.64402 22.6809 -45.8315 0.873811 0.180155 0 0 -1
28.1642 5.80049 -45.8315 0.978153 0.27149 0 0 -1
-6.67034 5.80049 -45.8315 0.809256 0.27149 0 0 -1
-27.6622 22.6809 -45.8315 0.707476 0.180155 0 0 -1
-6.67034 22.6809 -45.8315 0.809256 0.180155 0 0 -1
-27.6622 5.80049 -45.8315 0.707476 0.27149 0 0 -1
-27.6622 22.6809 -45.8315 0.707476 0.180155 0 0 -1
-6.67034 5.80049 -45.8315 0.809256 0.27149 0 0 -1
-27.6623 22.6809 -29.8553 0.544252 0.409661 -1 0 -0
-27.6622 5.80049 -45.8315 0.4535 0.52463 -1 0 -0
-27.6623 5.80049 -29.8553 0.544252 0.52463 -1 0 -0
-27.6623 22.6809 -29.8553 0.544252 0.409661 -1 0 -0
-27.6622 22.6809 -45.8315 0.4535 0.409661 -1 0 -0
-27.6622 5.80049 -45.8315 0.4535 0.52463 -1 0 -0
-27.6622 22.6809 45.7058 0.412174 0.179119 -1e-006 0 1
-23.1022 5.80049 45.7058 0.434283 0.270454 -1e-006 0 1
-23.1022 22.6809 45.7058 0.434283 0.179119 -1e-006 0 1
-27.6622 22.6809 45.7058 0.412174 0.179119 0 0 1
-27.6622 5.80049 45.7058 0.412174 0.270454 0 0 1
-23.1022 5.80049 45.7058 0.434283 0.270454 0 0 1
6.64402 22.6809 45.7058 0.578509 0.179119 1e-006 0 1
11.6645 5.80049 45.7058 0.602851 0.270454 1e-006 0 1
11.6645 22.6809 45.7058 0.602851 0.179119 1e-006 0 1
6.64402 22.6809 45.7058 0.578509 0.179119 0 0 1
6.64402 5.80049 45.7058 0.578509 0.270454 0 0 1
11.6645 5.80049 45.7058 0.602851 0.270454 0 0 1
28.1642 22.6809 45.7058 0.68285 0.179119 0 0 1
23.1621 5.80049 45.7058 0.658597 0.270454 0 0 1
28.1642 5.80049 45.7058 0.68285 0.270454 0 0 1
28.1642 22.6809 45.7058 0.68285 0.179119 0 0 1
23.1621 22.6809 45.7058 0.658597 0.179119 0 0 1
23.1621 5.80049 45.7058 0.658597 0.270454 0 0 1
11.6645 22.6809 45.7058 0.602851 0.179119 0 0 1
23.1621 5.80049 45.7058 0.658597 0.270454 0 0 1
23.1621 22.6809 45.7058 0.658597 0.179119 0 0 1
11.6645 22.6809 45.7058 0.602851 0.179119 0 0 1
11.6645 5.80049 45.7058 0.602851 0.270454 0 0 1
23.1621 5.80049 45.7058 0.658597 0.270454 0 0 1
-6.67034 22.6809 45.7058 0.513954 0.179119 0 0 1
-11.4235 5.80049 45.7058 0.490908 0.270454 0 0 1
-6.67034 5.80049 45.7058 0.513954 0.270454 0 0 1
-6.67034 22.6809 45.7058 0.513954 0.179119 0 0 1
-11.4235 22.6809 45.7058 0.490908 0.179119 0 0 1
-11.4235 5.80049 45.7058 0.490908 0.270454 0 0 1
-23.1022 22.6809 45.7058 0.434283 0.179119 0 0 1
-11.4235 5.80049 45.7058 0.490908 0.270454 0 0 1
-11.4235 22.6809 45.7058 0.490908 0.179119 0 0 1
-23.1022 22.6809 45.7058 0.434283 0.179119 0 0 1
-23.1022 5.80049 45.7058 0.434283 0.270454 0 0 1
-11.4235 5.80049 45.7058 0.490908 0.270454 0 0 1
-27.6622 22.6809 45.7058 0.973477 0.409661 -1 0 -0
-27.6622 5.80049 29.7073 0.882598 0.52463 -1 0 -0
-27.6622 5.80049 45.7058 0.973477 0.52463 -1 0 -0
-27.6622 22.6809 45.7058 0.973477 0.409661 -1 0 -0
-27.6622 22.6809 29.7073 0.882598 0.409661 -1 0 -0
-27.6622 5.80049 29.7073 0.882598 0.52463 -1 0 -0
28.1642 22.6809 45.7058 0.973737 0.409858 1 0 0
28.1642 5.80049 29.7073 0.882858 0.524827 1 0 0
28.1642 22.6809 29.7073 0.882858 0.409858 1 0 0
28.1642 5.80049 45.7058 0.973737 0.524827 1 0 0
28.1642 5.80049 29.7073 0.882858 0.524827 1 0 0
28.1642 22.6809 45.7058 0.973737 0.409858 1 0 0
-27.6622 22.6809 29.7073 0.882598 0.409661 -1 0 0
-27.6623 5.80049 15.749 0.803308 0.52463 -1 0 0
-27.6622 5.80049 29.7073 0.882598 0.52463 -1 0 0
-27.6622 22.6809 29.7073 0.882598 0.409661 -1 0 0
-27.6623 22.6809 15.749 0.803308 0.409661 -1 0 0
-27.6623 5.80049 15.749 0.803308 0.52463 -1 0 0
28.1642 22.6809 29.7073 0.882858 0.409858 1 0 -0
28.1642 5.80049 15.749 0.803568 0.524827 1 0 -0
28.1642 22.6809 15.749 0.803568 0.409858 1 0 -0
28.1642 5.80049 29.7073 0.882858 0.524827 1 0 -0
28.1642 5.80049 15.749 0.803568 0.524827 1 0 -0
28.1642 22.6809 29.7073 0.882858 0.409858 1 0 -0
-27.6623 22.6809 15.749 0.803308 0.409661 -1 0 -0
-27.6623 5.80049 -16.1917 0.621869 0.52463 -1 0 -0
-27.6623 5.80049 15.749 0.803308 0.52463 -1 0 -0
-27.6623 22.6809 15.749 0.803308 0.409661 -1 0 -0
-27.6623 22.6809 -16.1917 0.621869 0.409661 -1 0 -0
-27.6623 5.80049 -16.1917 0.621869 0.52463 -1 0 -0
28.1642 22.6809 15.749 0.803568 0.409858 1 0 -0
28.1642 5.80049 -16.1917 0.622129 0.524827 1 0 -0
28.1642 22.6809 -16.1917 0.622129 0.409858 1 0 -0
28.1642 5.80049 15.749 0.803568 0.524827 1 0 -0
28.1642 5.80049 -16.1917 0.622129 0.524827 1 0 -0
28.1642 22.6809 15.749 0.803568 0.409858 1 0 -0
-27.6623 22.6809 -16.1917 0.621869 0.409661 -1 0 -0
-27.6623 5.80049 -29.8553 0.544252 0.52463 -1 0 -0
-27.6623 5.80049 -16.1917 0.621869 0.52463 -1 0 -0
-27.6623 22.6809 -16.1917 0.621869 0.409661 -1 0 -0
-27.6623 22.6809 -29.8553 0.544252 0.409661 -1 0 -0
-27.6623 5.80049 -29.8553 0.544252 0.52463 -1 0 -0
28.1642 22.6809 -16.1917 0.622129 0.409858 1 0 -0
28.1642 5.80049 -29.8553 0.544513 0.524827 1 0 -0
28.1642 22.6809 -29.8553 0.544513 0.409858 1 0 -0
28.1642 5.80049 -16.1917 0.622129 0.524827 1 0 -0
28.1642 5.80049 -29.8553 0.544513 0.524827 1 0 -0
28.1642 22.6809 -16.1917 0.622129 0.409858 1 0 -0
27.8593 10.4666 47.2386 0.015883 0.560378 0 1 -0
26.6297 10.4666 65.5361 0.329148 0.54052 0 1 -0
27.8593 10.4666 65.5361 0.329148 0.560378 0 1 -0
26.6297 10.4666 47.2386 0.015883 0.54052 0 1 -0
26.6297 10.4666 65.5361 0.329148 0.54052 0 1 -0
27.8593 10.4666 47.2386 0.015883 0.560378 0 1 -0
26.6297 10.4666 47.2386 0.014992 0.579967 1 0 -0
26.6297 11.4658 65.5361 0.334976 0.564687 1 0 -0
26.6297 10.4666 65.5361 0.334976 0.579967 1 0 -0
26.6297 11.4658 47.2386 0.014992 0.564687 1 0 -0
26.6297 11.4658 65.5361 0.334976 0.564687 1 0 -0
26.6297 10.4666 47.2386 0.014992 0.579967 1 0 -0
26.6297 11.4658 47.2386 0.015883 0.560388 0 -1 -0
27.8593 11.4658 65.5361 0.329148 0.54053 0 -1 -0
26.6297 11.4658 65.5361 0.329148 0.560388 0 -1 -0
27.8593 11.4658 47.2386 0.015883 0.54053 0 -1 -0
27.8593 11.4658 65.5361 0.329148 0.54053 0 -1 -0
26.6297 11.4658 47.2386 0.015883 0.560388 0 -1 -0
27.8593 11.4658 47.2386 0.014972 0.564572 -1 0 -0
27.8593 10.4666 65.5361 0.334956 0.579852 -1 0 -0
27.8593 11.4658 65.5361 0.334956 0.564572 -1 0 -0
27.8593 11.4658 47.2386 0.014972 0.564572 -1 0 -0
27.8593 10.4666 47.2386 0.014972 0.579852 -1 0 -0
27.8593 10.4666 65.5361 0.334956 0.579852 -1 0 -0
27.8593 1.4358 47.2386 0.015883 0.536143 0 1 -0
26.6297 1.4358 65.5361 0.329148 0.516285 0 1 -0
27.8593 1.4358 65.5361 0.329148 0.536143 0 1 -0
26.6297 1.4358 47.2386 0.015883 0.516285 0 1 -0
26.6297 1.4358 65.5361 0.329148 0.516285 0 1 -0
27.8593 1.4358 47.2386 0.015883 0.536143 0 1 -0
26.6297 1.4358 47.2386 0.014992 0.718074 1 0 -0
26.6297 2.40397 65.5361 0.334976 0.703268 1 0 -0
26.6297 1.4358 65.5361 0.334976 0.718074 1 0 -0
26.6297 2.40397 47.2386 0.014992 0.703268 1 0 -0
26.6297 2.40397 65.5361 0.334976 0.703268 1 0 -0
26.6297 1.4358 47.2386 0.014992 0.718074 1 0 -0
26.6297 2.40397 47.2386 0.015883 0.536148 0 -1 -0
27.8593 2.40397 65.5361 0.329148 0.51629 0 -1 -0
26.6297 2.40397 65.5361 0.329148 0.536148 0 -1 -0
27.8593 2.40397 47.2386 0.015883 0.51629 0 -1 -0
27.8593 2.40397 65.5361 0.329148 0.51629 0 -1 -0
26.6297 2.40397 47.2386 0.015883 0.536148 0 -1 -0
27.8593 2.40397 47.2386 0.014972 0.703152 -1 0 -0
27.8593 1.4358 65.5361 0.334956 0.717958 -1 0 -0
27.8593 2.40397 65.5361 0.334956 0.703152 -1 0 -0
27.8593 2.40397 47.2386 0.014972 0.703152 -1 0 -0
27.8593 1.4358 47.2386 0.014972 0.717958 -1 0 -0
27.8593 1.4358 65.5361 0.334956 0.717958 -1 0 -0
27.5713 10.5932 63.8848 0.33137 0.702916 -1 0 -0
27.5713 2.30313 62.7717 0.314555 0.579618 -1 0 -0
27.5713 2.30313 63.8848 0.33137 0.579618 -1 0 -0
27.5713 10.5932 62.7717 0.314555 0.702916 -1 0 -0
27.5713 2.30313 62.7717 0.314555 0.579618 -1 0 -0
27.5713 10.5932 63.8848 0.33137 0.702916 -1 0 -0
26.9626 2.30313 63.8848 0.331369 0.702916 1 0 -0
26.9626 10.5932 62.7717 0.314554 0.579618 1 0 -0
26.9626 10.5932 63.8848 0.331369 0.579618 1 0 -0
26.9626 2.30313 62.7717 0.314554 0.702916 1 0 -0
26.9626 10.5932 62.7717 0.314554 0.579618 1 0 -0
26.9626 2.30313 63.8848 0.331369 0.702916 1 0 -0
27.5713 10.5932 62.7717 0.313776 0.702916 0 0 1
26.9626 2.30313 62.7717 0.304422 0.579618 0 0 1
27.5713 2.30313 62.7717 0.313776 0.579618 0 0 1
26.9626 10.5932 62.7717 0.304422 0.702916 0 0 1
26.9626 2.30313 62.7717 0.304422 0.579618 0 0 1
27.5713 10.5932 62.7717 0.313776 0.702916 0 0 1
26.9626 10.5932 63.8848 0.313783 0.702916 0 0 -1
27.5713 2.30313 63.8848 0.304428 0.579618 0 0 -1
26.9626 2.30313 63.8848 0.313783 0.579618 0 0 -1
27.5713 10.5932 63.8848 0.304428 0.702916 0 0 -1
27.5713 2.30313 63.8848 0.304428 0.579618 0 0 -1
26.9626 10.5932 63.8848 0.313783 0.702916 0 0 -1
27.5713 10.5932 60.4255 0.17348 0.702969 -1 0 -0
27.5713 2.30313 59.3124 0.156666 0.579671 -1 0 -0
27.5713 2.30313 60.4255 0.17348 0.579671 -1 0 -0
27.5713 10.5932 59.3124 0.156666 0.702969 -1 0 -0
27.5713 2.30313 59.3124 0.156666 0.579671 -1 0 -0
27.5713 10.5932 60.4255 0.17348 0.702969 -1 0 -0
26.9626 2.30313 60.4255 0.173469 0.702969 1 0 -0
26.9626 10.5932 59.3124 0.156654 0.579671 1 0 -0
26.9626 10.5932 60.4255 0.173469 0.579671 1 0 -0
26.9626 2.30313 59.3124 0.156654 0.702969 1 0 -0
26.9626 10.5932 59.3124 0.156654 0.579671 1 0 -0
26.9626 2.30313 60.4255 0.173469 0.702969 1 0 -0
27.5713 10.5932 59.3124 0.184177 0.702969 0 0 1
26.9626 2.30313 59.3124 0.174823 0.579671 0 0 1
27.5713 2.30313 59.3124 0.184177 0.579671 0 0 1
26.9626 10.5932 59.3124 0.174823 0.702969 0 0 1
26.9626 2.30313 59.3124 0.174823 0.579671 0 0 1
27.5713 10.5932 59.3124 0.184177 0.702969 0 0 1
26.9626 10.5932 60.4255 0.184177 0.702969 0 0 -1
27.5713 2.30313 60.4255 0.174822 0.579671 0 0 -1
26.9626 2.30313 60.4255 0.184177 0.579671 0 0 -1
27.5713 10.5932 60.4255 0.174822 0.702969 0 0 -1
27.5713 2.30313 60.4255 0.174822 0.579671 0 0 -1
26.9626 10.5932 60.4255 0.184177 0.702969 0 0 -1
27.5713 10.5932 56.9662 0.043265 0.70302 -1 0 -0
27.5713 2.30313 55.8531 0.02645 0.579722 -1 0 -0
27.5713 2.30313 56.9662 0.043265 0.579722 -1 0 -0
27.5713 10.5932 55.8531 0.02645 0.70302 -1 0 -0
27.5713 2.30313 55.8531 0.02645 0.579722 -1 0 -0
27.5713 10.5932 56.9662 0.043265 0.70302 -1 0 -0
26.9626 2.30313 56.9662 0.043267 0.70302 1 0 -0
26.9626 10.5932 55.8531 0.026453 0.579722 1 0 -0
26.9626 10.5932 56.9662 0.043267 0.579722 1 0 -0
26.9626 2.30313 55.8531 0.026453 0.70302 1 0 -0
26.9626 10.5932 55.8531 0.026453 0.579722 1 0 -0
26.9626 2.30313 56.9662 0.043267 0.70302 1 0 -0
27.5713 10.5932 55.8531 0.025673 0.70302 0 0 1
26.9626 2.30313 55.8531 0.016318 0.579722 0 0 1
27.5713 2.30313 55.8531 0.025673 0.579722 0 0 1
26.9626 10.5932 55.8531 0.016318 0.70302 0 0 1
26.9626 2.30313 55.8531 0.016318 0.579722 0 0 1
27.5713 10.5932 55.8531 0.025673 0.70302 0 0 1
26.9626 10.5932 56.9662 0.025676 0.70302 0 0 -1
27.5713 2.30313 56.9662 0.016322 0.579722 0 0 -1
26.9626 2.30313 56.9662 0.025676 0.579722 0 0 -1
27.5713 10.5932 56.9662 0.016322 0.70302 0 0 -1
27.5713 2.30313 56.9662 0.016322 0.579722 0 0 -1
26.9626 10.5932 56.9662 0.025676 0.70302 0 0 -1
27.5713 10.5932 53.507 0.17348 0.702969 -1 0 -0
27.5713 2.30313 52.3938 0.156666 0.579671 -1 0 -0
27.5713 2.30313 53.507 0.17348 0.579671 -1 0 -0
27.5713 10.5932 52.3938 0.156666 0.702969 -1 0 -0
27.5713 2.30313 52.3938 0.156666 0.579671 -1 0 -0
27.5713 10.5932 53.507 0.17348 0.702969 -1 0 -0
26.9626 2.30313 53.507 0.173469 0.702969 1 0 -0
26.9626 10.5932 52.3938 0.156654 0.579671 1 0 -0
26.9626 10.5932 53.507 0.173469 0.579671 1 0 -0
26.9626 2.30313 52.3938 0.156654 0.702969 1 0 -0
26.9626 10.5932 52.3938 0.156654 0.579671 1 0 -0
26.9626 2.30313 53.507 0.173469 0.702969 1 0 -0
27.5713 10.5932 52.3938 0.184177 0.702969 0 0 1
26.9626 2.30313 52.3938 0.174823 0.579671 0 0 1
27.5713 2.30313 52.3938 0.184177 0.579671 0 0 1
26.9626 10.5932 52.3938 0.174823 0.702969 0 0 1
26.9626 2.30313 52.3938 0.174823 0.579671 0 0 1
27.5713 10.5932 52.3938 0.184177 0.702969 0 0 1
26.9626 10.5932 53.507 0.184177 0.702969 0 0 -1
27.5713 2.30313 53.507 0.174822 0.579671 0 0 -1
26.9626 2.30313 53.507 0.184177 0.579671 0 0 -1
27.5713 10.5932 53.507 0.174822 0.702969 0 0 -1
27.5713 2.30313 53.507 0.174822 0.579671 0 0 -1
26.9626 10.5932 53.507 0.184177 0.702969 0 0 -1
27.5713 10.5932 50.0477 0.33137 0.702916 -1 0 -0
27.5713 2.30313 48.9346 0.314555 0.579618 -1 0 -0
27.5713 2.30313 50.0477 0.33137 0.579618 -1 0 -0
27.5713 10.5932 48.9346 0.314555 0.702916 -1 0 -0
27.5713 2.30313 48.9346 0.314555 0.579618 -1 0 -0
27.5713 10.5932 50.0477 0.33137 0.702916 -1 0 -0
26.9626 2.30313 50.0477 0.331369 0.702916 1 0 -0
26.9626 10.5932 48.9346 0.314554 0.579618 1 0 -0
26.9626 10.5932 50.0477 0.331369 0.579618 1 0 -0
26.9626 2.30313 48.9346 0.314554 0.702916 1 0 -0
26.9626 10.5932 48.9346 0.314554 0.579618 1 0 -0
26.9626 2.30313 50.0477 0.331369 0.702916 1 0 -0
27.5713 10.5932 48.9346 0.313776 0.702916 0 0 1
26.9626 2.30313 48.9346 0.304422 0.579618 0 0 1
27.5713 2.30313 48.9346 0.313776 0.579618 0 0 1
26.9626 10.5932 48.9346 0.304422 0.702916 0 0 1
26.9626 2.30313 48.9346 0.304422 0.579618 0 0 1
27.5713 10.5932 48.9346 0.313776 0.702916 0 0 1
26.9626 10.5932 50.0477 0.313783 0.702916 0 0 -1
27.5713 2.30313 50.0477 0.304428 0.579618 0 0 -1
26.9626 2.30313 50.0477 0.313783 0.579618 0 0 -1
27.5713 10.5932 50.0477 0.304428 0.702916 0 0 -1
27.5713 2.30313 50.0477 0.304428 0.579618 0 0 -1
26.9626 10.5932 50.0477 0.313783 0.702916 0 0 -1
8.15402 0.165378 66.0403 0.334956 0.737386 0 0 1
6.77217 12.5436 66.0403 0.359543 0.548089 0 0 1
6.77217 0.165378 66.0403 0.359543 0.737386 0 0 1
8.15402 1.4358 66.0403 0.334956 0.717958 4.3e-005 0 1
6.77217 12.5436 66.0403 0.359543 0.548089 4.3e-005 0 1
8.15402 0.165378 66.0403 0.334956 0.737386 4.3e-005 0 1
8.15402 2.40397 66.0403 0.334956 0.703152 -3.4e-005 0 1
6.77217 12.5436 66.0403 0.359543 0.548089 -3.4e-005 0 1
8.15402 1.4358 66.0403 0.334956 0.717958 -3.4e-005 0 1
6.77217 12.5436 66.0403 0.359543 0.548089 0 0 1
8.15402 11.4658 66.0403 0.334956 0.564572 0 0 1
8.15402 12.5436 66.0403 0.334956 0.548089 0 0 1
8.15402 10.4666 66.0403 0.334956 0.579852 -1.1e-005 0 1
6.77217 12.5436 66.0403 0.359543 0.548089 -1.1e-005 0 1
8.15402 2.40397 66.0403 0.334956 0.703152 -1.1e-005 0 1
8.15402 11.4658 66.0403 0.334956 0.564572 0 0 1
6.77217 12.5436 66.0403 0.359543 0.548089 0 0 1
8.15402 10.4666 66.0403 0.334956 0.579852 0 0 1
7.85462 13.0643 66.3067 0.340155 0.52541 0 -1 -0
7.07157 13.0643 67.0035 0.354088 0.536905 0 -1 -0
7.07157 13.0643 66.3067 0.354088 0.52541 0 -1 -0
7.85462 13.0643 67.0035 0.340155 0.536905 0 -1 -0
7.07157 13.0643 67.0035 0.354088 0.536905 0 -1 -0
7.85462 13.0643 66.3067 0.340155 0.52541 0 -1 -0
8.15402 11.4658 67.2699 0.334976 0.564687 0 0 -1
6.77217 12.5436 67.2699 0.359563 0.548204 0 0 -1
8.15402 12.5436 67.2699 0.334976 0.548204 0 0 -1
8.15402 11.4658 67.2699 0.334976 0.564687 4e-006 0 -1
6.77217 0.165378 67.2699 0.359563 0.737502 4e-006 0 -1
6.77217 12.5436 67.2699 0.359563 0.548204 4e-006 0 -1
8.15402 10.4666 67.2699 0.334976 0.579967 -5.5e-005 0 -1
6.77217 0.165378 67.2699 0.359563 0.737502 -5.5e-005 0 -1
8.15402 11.4658 67.2699 0.334976 0.564687 -5.5e-005 0 -1
6.77217 0.165378 67.2699 0.359563 0.737502 0 0 -1
8.15402 1.4358 67.2699 0.334976 0.718074 0 0 -1
8.15402 0.165378 67.2699 0.334976 0.737502 0 0 -1
8.15402 2.40397 67.2699 0.334976 0.703268 0 0 -1
6.77217 0.165378 67.2699 0.359563 0.737502 0 0 -1
8.15402 10.4666 67.2699 0.334976 0.579967 0 0 -1
6.77217 0.165378 67.2699 0.359563 0.737502 1.1e-005 0 -1
8.15402 2.40397 67.2699 0.334976 0.703268 1.1e-005 0 -1
8.15402 1.4358 67.2699 0.334976 0.718074 1.1e-005 0 -1
8.15402 0.165378 67.2699 0.363731 0.722246 -1 0 -0
8.15402 1.4358 66.0403 0.384012 0.700368 -1 0 -0
8.15402 0.165378 66.0403 0.363731 0.700368 -1 0 -0
8.15402 1.4358 67.2699 0.384012 0.722246 -1 0 -0
8.15402 1.4358 66.0403 0.384012 0.700368 -1 0 -0
8.15402 0.165378 67.2699 0.363731 0.722246 -1 0 -0
6.77217 0.165378 66.0403 0.409501 0.737078 1 0 -0
6.77217 12.5436 67.2699 0.389216 0.532905 1 0 -0
6.77217 0.165378 67.2699 0.389216 0.737078 1 0 -0
6.77217 12.5436 66.0403 0.409501 0.532905 1 0 -0
6.77217 12.5436 67.2699 0.389216 0.532905 1 0 -0
6.77217 0.165378 66.0403 0.409501 0.737078 1 0 -0
8.15402 12.5436 66.0403 0.334956 0.548089 0 -0.455494 0.890239
7.07157 13.0643 66.3067 0.354216 0.540126 0 -0.455494 0.890239
6.77217 12.5436 66.0403 0.359543 0.548089 0 -0.455494 0.890239
8.15402 12.5436 66.0403 0.334956 0.548089 0 -0.455496 0.890238
7.85462 13.0643 66.3067 0.340283 0.540126 0 -0.455496 0.890238
7.07157 13.0643 66.3067 0.354216 0.540126 0 -0.455496 0.890238
8.15402 12.5436 67.2699 0.334828 0.5413 -0.866909 -0.498467 -0
7.85462 13.0643 66.3067 0.340155 0.52541 -0.866909 -0.498467 -0
8.15402 12.5436 66.0403 0.334828 0.521015 -0.866908 -0.498467 -0
7.85462 13.0643 67.0035 0.340155 0.536905 -0.866905 -0.498473 -0
7.85462 13.0643 66.3067 0.340155 0.52541 -0.866905 -0.498473 -0
8.15402 12.5436 67.2699 0.334828 0.5413 -0.866905 -0.498473 -0
6.77217 12.5436 67.2699 0.359563 0.548204 0 -0.455494 -0.890239
7.85462 13.0643 67.0035 0.340304 0.540241 0 -0.455494 -0.890239
8.15402 12.5436 67.2699 0.334976 0.548204 0 -0.455494 -0.890239
7.07157 13.0643 67.0035 0.354236 0.540241 0 -0.455495 -0.890238
7.85462 13.0643 67.0035 0.340304 0.540241 0 -0.455495 -0.890238
6.77217 12.5436 67.2699 0.359563 0.548204 0 -0.455495 -0.890238
6.77217 12.5436 66.0403 0.359415 0.521015 0.86691 -0.498465 -0
7.07157 13.0643 67.0035 0.354088 0.536905 0.86691 -0.498465 -0
6.77217 12.5436 67.2699 0.359415 0.5413 0.86691 -0.498465 -0
7.07157 13.0643 66.3067 0.354088 0.52541 0.866906 -0.498472 -0
7.07157 13.0643 67.0035 0.354088 0.536905 0.866906 -0.498472 -0
6.77217 12.5436 66.0403 0.359415 0.521015 0.866906 -0.498472 -0
8.15402 11.4658 67.2699 0.363722 0.722236 -1 0 -0
8.15402 12.5436 66.0403 0.384014 0.700358 -1 0 -0
8.15402 11.4658 66.0403 0.363722 0.700358 -1 0 -0
8.15402 12.5436 67.2699 0.384014 0.722236 -1 0 -0
8.15402 12.5436 66.0403 0.384014 0.700358 -1 0 -0
8.15402 11.4658 67.2699 0.363722 0.722236 -1 0 -0
8.15402 2.40397 67.2699 0.38399 0.69894 -1 0 -0
8.15402 10.4666 66.0403 0.363706 0.56595 -1 0 -0
8.15402 2.40397 66.0403 0.363706 0.69894 -1 0 -0
8.15402 10.4666 67.2699 0.38399 0.56595 -1 0 -0
8.15402 10.4666 66.0403 0.363706 0.56595 -1 0 -0
8.15402 2.40397 67.2699 0.38399 0.69894 -1 0 -0
8.15402 10.4666 67.2699 0.329148 0.54052 0 1 -0
26.1379 10.4666 66.0403 0.015883 0.560378 0 1 -0
8.15402 10.4666 66.0403 0.329148 0.560378 0 1 -0
26.1379 10.4666 67.2699 0.015883 0.54052 0 1 -0
26.1379 10.4666 66.0403 0.015883 0.560378 0 1 -0
8.15402 10.4666 67.2699 0.329148 0.54052 0 1 -0
8.15402 11.4658 67.2699 0.334976 0.564687 0 0 -1
26.1379 10.4666 67.2699 0.014992 0.579967 0 0 -1
8.15402 10.4666 67.2699 0.334976 0.579967 0 0 -1
26.1379 11.4658 67.2699 0.014992 0.564687 0 0 -1
26.1379 10.4666 67.2699 0.014992 0.579967 0 0 -1
8.15402 11.4658 67.2699 0.334976 0.564687 0 0 -1
8.15402 11.4658 66.0403 0.329148 0.54053 0 -1 -0
26.1379 11.4658 67.2699 0.015883 0.560388 0 -1 -0
8.15402 11.4658 67.2699 0.329148 0.560388 0 -1 -0
26.1379 11.4658 66.0403 0.015883 0.54053 0 -1 -0
26.1379 11.4658 67.2699 0.015883 0.560388 0 -1 -0
8.15402 11.4658 66.0403 0.329148 0.54053 0 -1 -0
8.15402 10.4666 66.0403 0.334956 0.579852 0 0 1
26.1379 11.4658 66.0403 0.014972 0.564572 0 0 1
8.15402 11.4658 66.0403 0.334956 0.564572 0 0 1
8.15402 10.4666 66.0403 0.334956 0.579852 0 0 1
26.1379 10.4666 66.0403 0.014972 0.579852 0 0 1
26.1379 11.4658 66.0403 0.014972 0.564572 0 0 1
8.15402 1.4358 67.2699 0.329148 0.516285 0 1 -0
26.1379 1.4358 66.0403 0.015883 0.536143 0 1 -0
8.15402 1.4358 66.0403 0.329148 0.536143 0 1 -0
26.1379 1.4358 67.2699 0.015883 0.516285 0 1 -0
26.1379 1.4358 66.0403 0.015883 0.536143 0 1 -0
8.15402 1.4358 67.2699 0.329148 0.516285 0 1 -0
8.15402 2.40397 67.2699 0.334976 0.703268 0 0 -1
26.1379 1.4358 67.2699 0.014992 0.718074 0 0 -1
8.15402 1.4358 67.2699 0.334976 0.718074 0 0 -1
26.1379 2.40397 67.2699 0.014992 0.703268 0 0 -1
26.1379 1.4358 67.2699 0.014992 0.718074 0 0 -1
8.15402 2.40397 67.2699 0.334976 0.703268 0 0 -1
8.15402 2.40397 66.0403 0.329148 0.51629 0 -1 -0
26.1379 2.40397 67.2699 0.015883 0.536148 0 -1 -0
8.15402 2.40397 67.2699 0.329148 0.536148 0 -1 -0
26.1379 2.40397 66.0403 0.015883 0.51629 0 -1 -0
26.1379 2.40397 67.2699 0.015883 0.536148 0 -1 -0
8.15402 2.40397 66.0403 0.329148 0.51629 0 -1 -0
8.15402 1.4358 66.0403 0.334956 0.717958 0 0 1
26.1379 2.40397 66.0403 0.014972 0.703152 0 0 1
8.15402 2.40397 66.0403 0.334956 0.703152 0 0 1
8.15402 1.4358 66.0403 0.334956 0.717958 0 0 1
26.1379 1.4358 66.0403 0.014972 0.717958 0 0 1
26.1379 2.40397 66.0403 0.014972 0.703152 0 0 1
10.871 2.30313 66.3284 0.314555 0.579618 0 0 1
9.77701 10.5932 66.3284 0.33137 0.702916 0 0 1
9.77701 2.30313 66.3284 0.33137 0.579618 0 0 1
10.871 10.5932 66.3284 0.314555 0.702916 0 0 1
9.77701 10.5932 66.3284 0.33137 0.702916 0 0 1
10.871 2.30313 66.3284 0.314555 0.579618 0 0 1
10.871 10.5932 66.937 0.314554 0.579618 0 0 -1
9.77701 2.30313 66.937 0.331369 0.702916 0 0 -1
9.77701 10.5932 66.937 0.331369 0.579618 0 0 -1
10.871 2.30313 66.937 0.314554 0.702916 0 0 -1
9.77701 2.30313 66.937 0.331369 0.702916 0 0 -1
10.871 10.5932 66.937 0.314554 0.579618 0 0 -1
10.871 2.30313 66.937 0.304422 0.579618 -1 0 -0
10.871 10.5932 66.3284 0.313776 0.702916 -1 0 -0
10.871 2.30313 66.3284 0.313776 0.579618 -1 0 -0
10.871 10.5932 66.937 0.304422 0.702916 -1 0 -0
10.871 10.5932 66.3284 0.313776 0.702916 -1 0 -0
10.871 2.30313 66.937 0.304422 0.579618 -1 0 -0
9.77701 2.30313 66.3284 0.304428 0.579618 1 0 -0
9.77701 10.5932 66.937 0.313783 0.702916 1 0 -0
9.77701 2.30313 66.937 0.313783 0.579618 1 0 -0
9.77701 10.5932 66.3284 0.304428 0.702916 1 0 -0
9.77701 10.5932 66.937 0.313783 0.702916 1 0 -0
9.77701 2.30313 66.3284 0.304428 0.579618 1 0 -0
14.271 2.30313 66.3284 0.156666 0.579671 0 0 1
13.177 10.5932 66.3284 0.17348 0.702969 0 0 1
13.177 2.30313 66.3284 0.17348 0.579671 0 0 1
14.271 10.5932 66.3284 0.156666 0.702969 0 0 1
13.177 10.5932 66.3284 0.17348 0.702969 0 0 1
14.271 2.30313 66.3284 0.156666 0.579671 0 0 1
14.271 10.5932 66.937 0.156654 0.579671 0 0 -1
13.177 2.30313 66.937 0.173469 0.702969 0 0 -1
13.177 10.5932 66.937 0.173469 0.579671 0 0 -1
14.271 2.30313 66.937 0.156654 0.702969 0 0 -1
13.177 2.30313 66.937 0.173469 0.702969 0 0 -1
14.271 10.5932 66.937 0.156654 0.579671 0 0 -1
14.271 2.30313 66.937 0.174823 0.579671 -1 0 -0
14.271 10.5932 66.3284 0.184177 0.702969 -1 0 -0
14.271 2.30313 66.3284 0.184177 0.579671 -1 0 -0
14.271 10.5932 66.937 0.174823 0.702969 -1 0 -0
14.271 10.5932 66.3284 0.184177 0.702969 -1 0 -0
14.271 2.30313 66.937 0.174823 0.579671 -1 0 -0
13.177 2.30313 66.3284 0.174822 0.579671 1 0 -0
13.177 10.5932 66.937 0.184177 0.702969 1 0 -0
13.177 2.30313 66.937 0.184177 0.579671 1 0 -0
13.177 10.5932 66.3284 0.174822 0.702969 1 0 -0
13.177 10.5932 66.937 0.184177 0.702969 1 0 -0
13.177 2.30313 66.3284 0.174822 0.579671 1 0 -0
17.671 2.30313 66.3284 0.02645 0.579722 0 0 1
16.577 10.5932 66.3284 0.043265 0.70302 0 0 1
16.577 2.30313 66.3284 0.043265 0.579722 0 0 1
17.671 10.5932 66.3284 0.02645 0.70302 0 0 1
16.577 10.5932 66.3284 0.043265 0.70302 0 0 1
17.671 2.30313 66.3284 0.02645 0.579722 0 0 1
17.671 10.5932 66.937 0.026453 0.579722 0 0 -1
16.577 2.30313 66.937 0.043267 0.70302 0 0 -1
16.577 10.5932 66.937 0.043267 0.579722 0 0 -1
17.671 2.30313 66.937 0.026453 0.70302 0 0 -1
16.577 2.30313 66.937 0.043267 0.70302 0 0 -1
17.671 10.5932 66.937 0.026453 0.579722 0 0 -1
17.671 2.30313 66.937 0.016318 0.579722 -1 0 -0
17.671 10.5932 66.3284 0.025673 0.70302 -1 0 -0
17.671 2.30313 66.3284 0.025673 0.579722 -1 0 -0
17.671 10.5932 66.937 0.016318 0.70302 -1 0 -0
17.671 10.5932 66.3284 0.025673 0.70302 -1 0 -0
17.671 2.30313 66.937 0.016318 0.579722 -1 0 -0
16.577 2.30313 66.3284 0.016322 0.579722 1 0 -0
16.577 10.5932 66.937 0.025676 0.70302 1 0 -0
16.577 2.30313 66.937 0.025676 0.579722 1 0 -0
16.577 10.5932 66.3284 0.016322 0.70302 1 0 -0
16.577 10.5932 66.937 0.025676 0.70302 1 0 -0
16.577 2.30313 66.3284 0.016322 0.579722 1 0 -0
21.071 2.30313 66.3284 0.156666 0.579671 0 0 1
19.977 10.5932 66.3284 0.17348 0.702969 0 0 1
19.977 2.30313 66.3284 0.17348 0.579671 0 0 1
21.071 10.5932 66.3284 0.156666 0.702969 0 0 1
19.977 10.5932 66.3284 0.17348 0.702969 0 0 1
21.071 2.30313 66.3284 0.156666 0.579671 0 0 1
21.071 10.5932 66.937 0.156654 0.579671 0 0 -1
19.977 2.30313 66.937 0.173469 0.702969 0 0 -1
19.977 10.5932 66.937 0.173469 0.579671 0 0 -1
21.071 2.30313 66.937 0.156654 0.702969 0 0 -1
19.977 2.30313 66.937 0.173469 0.702969 0 0 -1
21.071 10.5932 66.937 0.156654 0.579671 0 0 -1
21.071 2.30313 66.937 0.174823 0.579671 -1 0 -0
21.071 10.5932 66.3284 0.184177 0.702969 -1 0 -0
21.071 2.30313 66.3284 0.184177 0.579671 -1 0 -0
21.071 10.5932 66.937 0.174823 0.702969 -1 0 -0
21.071 10.5932 66.3284 0.184177 0.702969 -1 0 -0
21.071 2.30313 66.937 0.174823 0.579671 -1 0 -0
19.977 2.30313 66.3284 0.174822 0.579671 1 0 -0
19.977 10.5932 66.937 0.184177 0.702969 1 0 -0
19.977 2.30313 66.937 0.184177 0.579671 1 0 -0
19.977 10.5932 66.3284 0.174822 0.702969 1 0 -0
19.977 10.5932 66.937 0.184177 0.702969 1 0 -0
19.977 2.30313 66.3284 0.174822 0.579671 1 0 -0
24.471 2.30313 66.3284 0.314555 0.579618 0 0 1
23.377 10.5932 66.3284 0.33137 0.702916 0 0 1
23.377 2.30313 66.3284 0.33137 0.579618 0 0 1
24.471 10.5932 66.3284 0.314555 0.702916 0 0 1
23.377 10.5932 66.3284 0.33137 0.702916 0 0 1
24.471 2.30313 66.3284 0.314555 0.579618 0 0 1
24.471 10.5932 66.937 0.314554 0.579618 0 0 -1
23.377 2.30313 66.937 0.331369 0.702916 0 0 -1
23.377 10.5932 66.937 0.331369 0.579618 0 0 -1
24.471 2.30313 66.937 0.314554 0.702916 0 0 -1
23.377 2.30313 66.937 0.331369 0.702916 0 0 -1
24.471 10.5932 66.937 0.314554 0.579618 0 0 -1
24.471 2.30313 66.937 0.304422 0.579618 -1 0 -0
24.471 10.5932 66.3284 0.313776 0.702916 -1 0 -0
24.471 2.30313 66.3284 0.313776 0.579618 -1 0 -0
24.471 10.5932 66.937 0.304422 0.702916 -1 0 -0
24.471 10.5932 66.3284 0.313776 0.702916 -1 0 -0
24.471 2.30313 66.937 0.304422 0.579618 -1 0 -0
23.377 2.30313 66.3284 0.304428 0.579618 1 0 -0
23.377 10.5932 66.937 0.313783 0.702916 1 0 -0
23.377 2.30313 66.937 0.313783 0.579618 1 0 -0
23.377 10.5932 66.3284 0.304428 0.702916 1 0 -0
23.377 10.5932 66.937 0.313783 0.702916 1 0 -0
23.377 2.30313 66.3284 0.304428 0.579618 1 0 -0
-6.69752 12.5436 66.0403 0.359543 0.548089 0 0 1
-8.07937 0.165378 66.0403 0.334956 0.737386 0 0 1
-6.69752 0.165378 66.0403 0.359543 0.737386 0 0 1
-6.69752 12.5436 66.0403 0.359543 0.548089 -7e-005 0 1
-8.07937 1.4358 66.0403 0.334956 0.717958 -7e-005 0 1
-8.07937 0.165378 66.0403 0.334956 0.737386 -7e-005 0 1
-6.69752 12.5436 66.0403 0.359543 0.548089 0 0 1
-8.07937 2.40397 66.0403 0.334956 0.703152 0 0 1
-8.07937 1.4358 66.0403 0.334956 0.717958 0 0 1
-8.07937 11.4658 66.0403 0.334956 0.564572 0 0 1
-6.69752 12.5436 66.0403 0.359543 0.548089 0 0 1
-8.07937 12.5436 66.0403 0.334956 0.548089 0 0 1
-6.69752 12.5436 66.0403 0.359543 0.548089 1.1e-005 0 1
-8.07937 10.4666 66.0403 0.334956 0.579852 1.1e-005 0 1
-8.07937 2.40397 66.0403 0.334956 0.703152 1.1e-005 0 1
-8.07937 11.4658 66.0403 0.334956 0.564572 0 0 1
-8.07937 10.4666 66.0403 0.334956 0.579852 0 0 1
-6.69752 12.5436 66.0403 0.359543 0.548089 0 0 1
-6.99692 13.0643 67.0035 0.354088 0.536905 0 -1 -0
-7.77997 13.0643 66.3067 0.340155 0.52541 0 -1 -0
-6.99692 13.0643 66.3067 0.354088 0.52541 0 -1 -0
-7.77997 13.0643 66.3067 0.340155 0.52541 0 1 -0
-7.77997 13.0643 67.0035 0.340155 0.536905 0 1 -0
-6.99692 13.0643 67.0035 0.354088 0.536905 0 1 -0
-8.07937 1.4358 67.2699 0.334976 0.718074 0 0 -1
-6.69752 0.165378 67.2699 0.359563 0.737502 0 0 -1
-8.07937 0.165378 67.2699 0.334976 0.737502 0 0 -1
-8.07937 1.4358 67.2699 0.334976 0.718074 4e-006 0 -1
-6.69752 12.5436 67.2699 0.359563 0.548204 4e-006 0 -1
-6.69752 0.165378 67.2699 0.359563 0.737502 4e-006 0 -1
-8.07937 2.40397 67.2699 0.334976 0.703268 0 0 -1
-6.69752 12.5436 67.2699 0.359563 0.548204 0 0 -1
-8.07937 1.4358 67.2699 0.334976 0.718074 0 0 -1
-6.69752 12.5436 67.2699 0.359563 0.548204 0 0 -1
-8.07937 11.4658 67.2699 0.334976 0.564687 0 0 -1
-8.07937 12.5436 67.2699 0.334976 0.548204 0 0 -1
-8.07937 10.4666 67.2699 0.334976 0.579967 -1.1e-005 0 -1
-6.69752 12.5436 67.2699 0.359563 0.548204 -1.1e-005 0 -1
-8.07937 2.40397 67.2699 0.334976 0.703268 -1.1e-005 0 -1
-8.07937 10.4666 67.2699 0.334976 0.579967 -2.2e-005 0 -1
-8.07937 11.4658 67.2699 0.334976 0.564687 -2.2e-005 0 -1
-6.69752 12.5436 67.2699 0.359563 0.548204 -2.2e-005 0 -1
-8.07937 1.4358 66.0403 0.384012 0.700368 1 0 -0
-8.07937 0.165378 67.2699 0.363731 0.722246 1 0 -0
-8.07937 0.165378 66.0403 0.363731 0.700368 1 0 -0
-8.07937 1.4358 67.2699 0.384012 0.722246 1 0 -0
-8.07937 0.165378 67.2699 0.363731 0.722246 1 0 -0
-8.07937 1.4358 66.0403 0.384012 0.700368 1 0 -0
-6.69752 12.5436 67.2699 0.389216 0.532905 -1 0 -0
-6.69752 0.165378 66.0403 0.409501 0.737078 -1 0 -0
-6.69752 0.165378 67.2699 0.389216 0.737078 -1 0 -0
-6.69752 12.5436 66.0403 0.409501 0.532905 -1 0 -0
-6.69752 0.165378 66.0403 0.409501 0.737078 -1 0 -0
-6.69752 12.5436 67.2699 0.389216 0.532905 -1 0 -0
-6.99692 13.0643 66.3067 0.354216 0.540126 0 -0.455494 0.890239
-8.07937 12.5436 66.0403 0.334956 0.548089 0 -0.455494 0.890239
-6.69752 12.5436 66.0403 0.359543 0.548089 0 -0.455494 0.890239
-6.99692 13.0643 66.3067 0.354216 0.540126 0 -0.455495 0.890238
-7.77997 13.0643 66.3067 0.340283 0.540126 0 -0.455495 0.890238
-8.07937 12.5436 66.0403 0.334956 0.548089 0 -0.455495 0.890238
-7.77997 13.0643 66.3067 0.340155 0.52541 0.866908 -0.498468 -0
-8.07937 12.5436 67.2699 0.334828 0.5413 0.866908 -0.498468 -0
-8.07937 12.5436 66.0403 0.334828 0.521015 0.866908 -0.498468 -0
-7.77997 13.0643 67.0035 0.340155 0.536905 0.866905 -0.498474 -0
-8.07937 12.5436 67.2699 0.334828 0.5413 0.866905 -0.498474 -0
-7.77997 13.0643 66.3067 0.340155 0.52541 0.866905 -0.498474 -0
-7.77997 13.0643 67.0035 0.340304 0.540241 0 -0.455494 -0.890239
-6.69752 12.5436 67.2699 0.359563 0.548204 0 -0.455494 -0.890239
-8.07937 12.5436 67.2699 0.334976 0.548204 0 -0.455494 -0.890239
-6.99692 13.0643 67.0035 0.354236 0.540241 0 -0.455495 -0.890238
-6.69752 12.5436 67.2699 0.359563 0.548204 0 -0.455495 -0.890238
-7.77997 13.0643 67.0035 0.340304 0.540241 0 -0.455495 -0.890238
-6.99692 13.0643 67.0035 0.354088 0.536905 -0.866909 -0.498466 -0
-6.69752 12.5436 66.0403 0.359415 0.521015 -0.866909 -0.498466 -0
-6.69752 12.5436 67.2699 0.359415 0.5413 -0.866909 -0.498466 -0
-6.99692 13.0643 66.3067 0.354088 0.52541 -0.866906 -0.498472 -0
-6.69752 12.5436 66.0403 0.359415 0.521015 -0.866906 -0.498472 -0
-6.99692 13.0643 67.0035 0.354088 0.536905 -0.866906 -0.498472 -0
-8.07937 12.5436 66.0403 0.384014 0.700358 1 0 -0
-8.07937 11.4658 67.2699 0.363722 0.722236 1 0 -0
-8.07937 11.4658 66.0403 0.363722 0.700358 1 0 -0
-8.07937 12.5436 67.2699 0.384014 0.722236 1 0 -0
-8.07937 11.4658 67.2699 0.363722 0.722236 1 0 -0
-8.07937 12.5436 66.0403 0.384014 0.700358 1 0 -0
-8.07937 10.4666 66.0403 0.363706 0.56595 1 0 -0
-8.07937 2.40397 67.2699 0.38399 0.69894 1 0 -0
-8.07937 2.40397 66.0403 0.363706 0.69894 1 0 -0
-8.07937 10.4666 67.2699 0.38399 0.56595 1 0 -0
-8.07937 2.40397 67.2699 0.38399 0.69894 1 0 -0
-8.07937 10.4666 66.0403 0.363706 0.56595 1 0 -0
-26.0633 10.4666 66.0403 0.015883 0.560378 0 1 -0
-8.07937 10.4666 67.2699 0.329148 0.54052 0 1 -0
-8.07937 10.4666 66.0403 0.329148 0.560378 0 1 -0
-26.0633 10.4666 67.2699 0.015883 0.54052 0 1 -0
-8.07937 10.4666 67.2699 0.329148 0.54052 0 1 -0
-26.0633 10.4666 66.0403 0.015883 0.560378 0 1 -0
-26.0633 10.4666 67.2699 0.014992 0.579967 0 0 -1
-8.07937 11.4658 67.2699 0.334976 0.564687 0 0 -1
-8.07937 10.4666 67.2699 0.334976 0.579967 0 0 -1
-26.0633 11.4658 67.2699 0.014992 0.564687 0 0 -1
-8.07937 11.4658 67.2699 0.334976 0.564687 0 0 -1
-26.0633 10.4666 67.2699 0.014992 0.579967 0 0 -1
-26.0633 11.4658 67.2699 0.015883 0.560388 0 -1 -0
-8.07937 11.4658 66.0403 0.329148 0.54053 0 -1 -0
-8.07937 11.4658 67.2699 0.329148 0.560388 0 -1 -0
-26.0633 11.4658 66.0403 0.015883 0.54053 0 -1 -0
-8.07937 11.4658 66.0403 0.329148 0.54053 0 -1 -0
-26.0633 11.4658 67.2699 0.015883 0.560388 0 -1 -0
-26.0633 11.4658 66.0403 0.014972 0.564572 0 0 1
-8.07937 10.4666 66.0403 0.334956 0.579852 0 0 1
-8.07937 11.4658 66.0403 0.334956 0.564572 0 0 1
-26.0633 11.4658 66.0403 0.014972 0.564572 0 0 1
-26.0633 10.4666 66.0403 0.014972 0.579852 0 0 1
-8.07937 10.4666 66.0403 0.334956 0.579852 0 0 1
-26.0633 1.4358 66.0403 0.015883 0.536143 0 1 -0
-8.07937 1.4358 67.2699 0.329148 0.516285 0 1 -0
-8.07937 1.4358 66.0403 0.329148 0.536143 0 1 -0
-26.0633 1.4358 67.2699 0.015883 0.516285 0 1 -0
-8.07937 1.4358 67.2699 0.329148 0.516285 0 1 -0
-26.0633 1.4358 66.0403 0.015883 0.536143 0 1 -0
-26.0633 1.4358 67.2699 0.014992 0.718074 0 0 -1
-8.07937 2.40397 67.2699 0.334976 0.703268 0 0 -1
-8.07937 1.4358 67.2699 0.334976 0.718074 0 0 -1
-26.0633 2.40397 67.2699 0.014992 0.703268 0 0 -1
-8.07937 2.40397 67.2699 0.334976 0.703268 0 0 -1
-26.0633 1.4358 67.2699 0.014992 0.718074 0 0 -1
-26.0633 2.40397 67.2699 0.015883 0.536148 0 -1 -0
-8.07937 2.40397 66.0403 0.329148 0.51629 0 -1 -0
-8.07937 2.40397 67.2699 0.329148 0.536148 0 -1 -0
-26.0633 2.40397 66.0403 0.015883 0.51629 0 -1 -0
-8.07937 2.40397 66.0403 0.329148 0.51629 0 -1 -0
-26.0633 2.40397 67.2699 0.015883 0.536148 0 -1 -0
-8.07937 1.4358 66.0403 0.334956 0.717958 0 0 -1
-26.0633 2.40397 66.0403 0.014972 0.703152 0 0 -1
-8.07937 2.40397 66.0403 0.334956 0.703152 0 0 -1
-26.0633 1.4358 66.0403 0.014972 0.717958 0 0 -1
-26.0633 2.40397 66.0403 0.014972 0.703152 0 0 -1
-8.07937 1.4358 66.0403 0.334956 0.717958 0 0 -1
-9.70236 10.5932 66.3284 0.33137 0.702916 0 0 1
-10.7964 2.30313 66.3284 0.314555 0.579618 0 0 1
-9.70236 2.30313 66.3284 0.33137 0.579618 0 0 1
-10.7964 10.5932 66.3284 0.314555 0.702916 0 0 1
-10.7964 2.30313 66.3284 0.314555 0.579618 0 0 1
-9.70236 10.5932 66.3284 0.33137 0.702916 0 0 1
-9.70236 2.30313 66.937 0.331369 0.702916 0 0 -1
-10.7964 10.5932 66.937 0.314554 0.579618 0 0 -1
-9.70236 10.5932 66.937 0.331369 0.579618 0 0 -1
-10.7964 2.30313 66.937 0.314554 0.702916 0 0 -1
-10.7964 10.5932 66.937 0.314554 0.579618 0 0 -1
-9.70236 2.30313 66.937 0.331369 0.702916 0 0 -1
-10.7964 10.5932 66.3284 0.313776 0.702916 1 0 -0
-10.7964 2.30313 66.937 0.304422 0.579618 1 0 -0
-10.7964 2.30313 66.3284 0.313776 0.579618 1 0 -0
-10.7964 10.5932 66.937 0.304422 0.702916 1 0 -0
-10.7964 2.30313 66.937 0.304422 0.579618 1 0 -0
-10.7964 10.5932 66.3284 0.313776 0.702916 1 0 -0
-9.70236 10.5932 66.937 0.313783 0.702916 -1 0 -0
-9.70236 2.30313 66.3284 0.304428 0.579618 -1 0 -0
-9.70236 2.30313 66.937 0.313783 0.579618 -1 0 -0
-9.70236 10.5932 66.3284 0.304428 0.702916 -1 0 -0
-9.70236 2.30313 66.3284 0.304428 0.579618 -1 0 -0
-9.70236 10.5932 66.937 0.313783 0.702916 -1 0 -0
-13.1024 10.5932 66.3284 0.17348 0.702969 0 0 1
-14.1964 2.30313 66.3284 0.156666 0.579671 0 0 1
-13.1024 2.30313 66.3284 0.17348 0.579671 0 0 1
-14.1964 10.5932 66.3284 0.156666 0.702969 0 0 1
-14.1964 2.30313 66.3284 0.156666 0.579671 0 0 1
-13.1024 10.5932 66.3284 0.17348 0.702969 0 0 1
-13.1024 2.30313 66.937 0.173469 0.702969 0 0 -1
-14.1964 10.5932 66.937 0.156654 0.579671 0 0 -1
-13.1024 10.5932 66.937 0.173469 0.579671 0 0 -1
-14.1964 2.30313 66.937 0.156654 0.702969 0 0 -1
-14.1964 10.5932 66.937 0.156654 0.579671 0 0 -1
-13.1024 2.30313 66.937 0.173469 0.702969 0 0 -1
-14.1964 10.5932 66.3284 0.184177 0.702969 1 0 -0
-14.1964 2.30313 66.937 0.174823 0.579671 1 0 -0
-14.1964 2.30313 66.3284 0.184177 0.579671 1 0 -0
-14.1964 10.5932 66.937 0.174823 0.702969 1 0 -0
-14.1964 2.30313 66.937 0.174823 0.579671 1 0 -0
-14.1964 10.5932 66.3284 0.184177 0.702969 1 0 -0
-13.1024 10.5932 66.937 0.184177 0.702969 -1 0 -0
-13.1024 2.30313 66.3284 0.174822 0.579671 -1 0 -0
-13.1024 2.30313 66.937 0.184177 0.579671 -1 0 -0
-13.1024 10.5932 66.3284 0.174822 0.702969 -1 0 -0
-13.1024 2.30313 66.3284 0.174822 0.579671 -1 0 -0
-13.1024 10.5932 66.937 0.184177 0.702969 -1 0 -0
-16.5024 10.5932 66.3284 0.043265 0.70302 0 0 1
-17.5964 2.30313 66.3284 0.02645 0.579722 0 0 1
-16.5024 2.30313 66.3284 0.043265 0.579722 0 0 1
-17.5964 10.5932 66.3284 0.02645 0.70302 0 0 1
-17.5964 2.30313 66.3284 0.02645 0.579722 0 0 1
-16.5024 10.5932 66.3284 0.043265 0.70302 0 0 1
-16.5024 2.30313 66.937 0.043267 0.70302 0 0 -1
-17.5964 10.5932 66.937 0.026453 0.579722 0 0 -1
-16.5024 10.5932 66.937 0.043267 0.579722 0 0 -1
-17.5964 2.30313 66.937 0.026453 0.70302 0 0 -1
-17.5964 10.5932 66.937 0.026453 0.579722 0 0 -1
-16.5024 2.30313 66.937 0.043267 0.70302 0 0 -1
-17.5964 10.5932 66.3284 0.025673 0.70302 1 0 -0
-17.5964 2.30313 66.937 0.016318 0.579722 1 0 -0
-17.5964 2.30313 66.3284 0.025673 0.579722 1 0 -0
-17.5964 10.5932 66.937 0.016318 0.70302 1 0 -0
-17.5964 2.30313 66.937 0.016318 0.579722 1 0 -0
-17.5964 10.5932 66.3284 0.025673 0.70302 1 0 -0
-16.5024 10.5932 66.937 0.025676 0.70302 -1 0 -0
-16.5024 2.30313 66.3284 0.016322 0.579722 -1 0 -0
-16.5024 2.30313 66.937 0.025676 0.579722 -1 0 -0
-16.5024 10.5932 66.3284 0.016322 0.70302 -1 0 -0
-16.5024 2.30313 66.3284 0.016322 0.579722 -1 0 -0
-16.5024 10.5932 66.937 0.025676 0.70302 -1 0 -0
-19.9024 10.5932 66.3284 0.17348 0.702969 0 0 1
-20.9964 2.30313 66.3284 0.156666 0.579671 0 0 1
-19.9024 2.30313 66.3284 0.17348 0.579671 0 0 1
-20.9964 10.5932 66.3284 0.156666 0.702969 0 0 1
-20.9964 2.30313 66.3284 0.156666 0.579671 0 0 1
-19.9024 10.5932 66.3284 0.17348 0.702969 0 0 1
-19.9024 2.30313 66.937 0.173469 0.702969 0 0 -1
-20.9964 10.5932 66.937 0.156654 0.579671 0 0 -1
-19.9024 10.5932 66.937 0.173469 0.579671 0 0 -1
-20.9964 2.30313 66.937 0.156654 0.702969 0 0 -1
-20.9964 10.5932 66.937 0.156654 0.579671 0 0 -1
-19.9024 2.30313 66.937 0.173469 0.702969 0 0 -1
-20.9964 10.5932 66.3284 0.184177 0.702969 1 0 -0
-20.9964 2.30313 66.937 0.174823 0.579671 1 0 -0
-20.9964 2.30313 66.3284 0.184177 0.579671 1 0 -0
-20.9964 10.5932 66.937 0.174823 0.702969 1 0 -0
-20.9964 2.30313 66.937 0.174823 0.579671 1 0 -0
-20.9964 10.5932 66.3284 0.184177 0.702969 1 0 -0
-19.9024 10.5932 66.937 0.184177 0.702969 -1 0 -0
-19.9024 2.30313 66.3284 0.174822 0.579671 -1 0 -0
-19.9024 2.30313 66.937 0.184177 0.579671 -1 0 -0
-19.9024 10.5932 66.3284 0.174822 0.702969 -1 0 -0
-19.9024 2.30313 66.3284 0.174822 0.579671 -1 0 -0
-19.9024 10.5932 66.937 0.184177 0.702969 -1 0 -0
-23.3024 10.5932 66.3284 0.33137 0.702916 0 0 1
-24.3964 2.30313 66.3284 0.314555 0.579618 0 0 1
-23.3024 2.30313 66.3284 0.33137 0.579618 0 0 1
-24.3964 10.5932 66.3284 0.314555 0.702916 0 0 1
-24.3964 2.30313 66.3284 0.314555 0.579618 0 0 1
-23.3024 10.5932 66.3284 0.33137 0.702916 0 0 1
-23.3024 2.30313 66.937 0.331369 0.702916 0 0 -1
-24.3964 10.5932 66.937 0.314554 0.579618 0 0 -1
-23.3024 10.5932 66.937 0.331369 0.579618 0 0 -1
-24.3964 2.30313 66.937 0.314554 0.702916 0 0 -1
-24.3964 10.5932 66.937 0.314554 0.579618 0 0 -1
-23.3024 2.30313 66.937 0.331369 0.702916 0 0 -1
-24.3964 10.5932 66.3284 0.313776 0.702916 1 0 -0
-24.3964 2.30313 66.937 0.304422 0.579618 1 0 -0
-24.3964 2.30313 66.3284 0.313776 0.579618 1 0 -0
-24.3964 10.5932 66.937 0.304422 0.702916 1 0 -0
-24.3964 2.30313 66.937 0.304422 0.579618 1 0 -0
-24.3964 10.5932 66.3284 0.313776 0.702916 1 0 -0
-23.3024 10.5932 66.937 0.313783 0.702916 -1 0 -0
-23.3024 2.30313 66.3284 0.304428 0.579618 -1 0 -0
-23.3024 2.30313 66.937 0.313783 0.579618 -1 0 -0
-23.3024 10.5932 66.3284 0.304428 0.702916 -1 0 -0
-23.3024 2.30313 66.3284 0.304428 0.579618 -1 0 -0
-23.3024 10.5932 66.937 0.313783 0.702916 -1 0 -0
-25.9987 10.4666 47.2386 0.015883 0.560378 0 1 -0
-27.2283 10.4666 65.5361 0.329148 0.54052 0 1 -0
-25.9987 10.4666 65.5361 0.329148 0.560378 0 1 -0
-27.2283 10.4666 47.2386 0.015883 0.54052 0 1 -0
-27.2283 10.4666 65.5361 0.329148 0.54052 0 1 -0
-25.9987 10.4666 47.2386 0.015883 0.560378 0 1 -0
-27.2283 10.4666 47.2386 0.014992 0.579967 1 0 -0
-27.2283 11.4658 65.5361 0.334976 0.564687 1 0 -0
-27.2283 10.4666 65.5361 0.334976 0.579967 1 0 -0
-27.2283 11.4658 47.2386 0.014992 0.564687 1 0 -0
-27.2283 11.4658 65.5361 0.334976 0.564687 1 0 -0
-27.2283 10.4666 47.2386 0.014992 0.579967 1 0 -0
-27.2283 11.4658 47.2386 0.015883 0.560388 0 -1 -0
-25.9987 11.4658 65.5361 0.329148 0.54053 0 -1 -0
-27.2283 11.4658 65.5361 0.329148 0.560388 0 -1 -0
-25.9987 11.4658 47.2386 0.015883 0.54053 0 -1 -0
-25.9987 11.4658 65.5361 0.329148 0.54053 0 -1 -0
-27.2283 11.4658 47.2386 0.015883 0.560388 0 -1 -0
-25.9987 11.4658 47.2386 0.014972 0.564572 -1 0 -0
-25.9987 10.4666 65.5361 0.334956 0.579852 -1 0 -0
-25.9987 11.4658 65.5361 0.334956 0.564572 -1 0 -0
-25.9987 11.4658 47.2386 0.014972 0.564572 -1 0 -0
-25.9987 10.4666 47.2386 0.014972 0.579852 -1 0 -0
-25.9987 10.4666 65.5361 0.334956 0.579852 -1 0 -0
-25.9987 1.4358 47.2386 0.015883 0.536143 0 1 -0
-27.2283 1.4358 65.5361 0.329148 0.516285 0 1 -0
-25.9987 1.4358 65.5361 0.329148 0.536143 0 1 -0
-27.2283 1.4358 47.2386 0.015883 0.516285 0 1 -0
-27.2283 1.4358 65.5361 0.329148 0.516285 0 1 -0
-25.9987 1.4358 47.2386 0.015883 0.536143 0 1 -0
-27.2283 1.4358 47.2386 0.014992 0.718074 1 0 -0
-27.2283 2.40397 65.5361 0.334976 0.703268 1 0 -0
-27.2283 1.4358 65.5361 0.334976 0.718074 1 0 -0
-27.2283 2.40397 47.2386 0.014992 0.703268 1 0 -0
-27.2283 2.40397 65.5361 0.334976 0.703268 1 0 -0
-27.2283 1.4358 47.2386 0.014992 0.718074 1 0 -0
-27.2283 2.40397 47.2386 0.015883 0.536148 0 -1 -0
-25.9987 2.40397 65.5361 0.329148 0.51629 0 -1 -0
-27.2283 2.40397 65.5361 0.329148 0.536148 0 -1 -0
-25.9987 2.40397 47.2386 0.015883 0.51629 0 -1 -0
-25.9987 2.40397 65.5361 0.329148 0.51629 0 -1 -0
-27.2283 2.40397 47.2386 0.015883 0.536148 0 -1 -0
-25.9987 2.40397 47.2386 0.014972 0.703152 -1 0 -0
-25.9987 1.4358 65.5361 0.334956 0.717958 -1 0 -0
-25.9987 2.40397 65.5361 0.334956 0.703152 -1 0 -0
-25.9987 2.40397 47.2386 0.014972 0.703152 -1 0 -0
-25.9987 1.4358 47.2386 0.014972 0.717958 -1 0 -0
-25.9987 1.4358 65.5361 0.334956 0.717958 -1 0 -0
-26.2868 10.5932 63.8848 0.33137 0.702916 -1 0 -0
-26.2868 2.30313 62.7717 0.314555 0.579618 -1 0 -0
-26.2868 2.30313 63.8848 0.33137 0.579618 -1 0 -0
-26.2868 10.5932 62.7717 0.314555 0.702916 -1 0 -0
-26.2868 2.30313 62.7717 0.314555 0.579618 -1 0 -0
-26.2868 10.5932 63.8848 0.33137 0.702916 -1 0 -0
-26.8954 2.30313 63.8848 0.331369 0.702916 1 0 -0
-26.8954 10.5932 62.7717 0.314554 0.579618 1 0 -0
-26.8954 10.5932 63.8848 0.331369 0.579618 1 0 -0
-26.8954 2.30313 62.7717 0.314554 0.702916 1 0 -0
-26.8954 10.5932 62.7717 0.314554 0.579618 1 0 -0
-26.8954 2.30313 63.8848 0.331369 0.702916 1 0 -0
-26.2868 10.5932 62.7717 0.313776 0.702916 0 0 1
-26.8954 2.30313 62.7717 0.304422 0.579618 0 0 1
-26.2868 2.30313 62.7717 0.313776 0.579618 0 0 1
-26.8954 10.5932 62.7717 0.304422 0.702916 0 0 1
-26.8954 2.30313 62.7717 0.304422 0.579618 0 0 1
-26.2868 10.5932 62.7717 0.313776 0.702916 0 0 1
-26.8954 10.5932 63.8848 0.313783 0.702916 0 0 -1
-26.2868 2.30313 63.8848 0.304428 0.579618 0 0 -1
-26.8954 2.30313 63.8848 0.313783 0.579618 0 0 -1
-26.2868 10.5932 63.8848 0.304428 0.702916 0 0 -1
-26.2868 2.30313 63.8848 0.304428 0.579618 0 0 -1
-26.8954 10.5932 63.8848 0.313783 0.702916 0 0 -1
-26.2868 10.5932 60.4255 0.17348 0.702969 -1 0 -0
-26.2868 2.30313 59.3124 0.156666 0.579671 -1 0 -0
-26.2868 2.30313 60.4255 0.17348 0.579671 -1 0 -0
-26.2868 10.5932 59.3124 0.156666 0.702969 -1 0 -0
-26.2868 2.30313 59.3124 0.156666 0.579671 -1 0 -0
-26.2868 10.5932 60.4255 0.17348 0.702969 -1 0 -0
-26.8954 2.30313 60.4255 0.173469 0.702969 1 0 -0
-26.8954 10.5932 59.3124 0.156654 0.579671 1 0 -0
-26.8954 10.5932 60.4255 0.173469 0.579671 1 0 -0
-26.8954 2.30313 59.3124 0.156654 0.702969 1 0 -0
-26.8954 10.5932 59.3124 0.156654 0.579671 1 0 -0
-26.8954 2.30313 60.4255 0.173469 0.702969 1 0 -0
-26.2868 10.5932 59.3124 0.184177 0.702969 0 0 1
-26.8954 2.30313 59.3124 0.174823 0.579671 0 0 1
-26.2868 2.30313 59.3124 0.184177 0.579671 0 0 1
-26.8954 10.5932 59.3124 0.174823 0.702969 0 0 1
-26.8954 2.30313 59.3124 0.174823 0.579671 0 0 1
-26.2868 10.5932 59.3124 0.184177 0.702969 0 0 1
-26.8954 10.5932 60.4255 0.184177 0.702969 0 0 -1
-26.2868 2.30313 60.4255 0.174822 0.579671 0 0 -1
-26.8954 2.30313 60.4255 0.184177 0.579671 0 0 -1
-26.2868 10.5932 60.4255 0.174822 0.702969 0 0 -1
-26.2868 2.30313 60.4255 0.174822 0.579671 0 0 -1
-26.8954 10.5932 60.4255 0.184177 0.702969 0 0 -1
-26.2868 10.5932 56.9662 0.043265 0.70302 -1 0 -0
-26.2868 2.30313 55.8531 0.02645 0.579722 -1 0 -0
-26.2868 2.30313 56.9662 0.043265 0.579722 -1 0 -0
-26.2868 10.5932 55.8531 0.02645 0.70302 -1 0 -0
-26.2868 2.30313 55.8531 0.02645 0.579722 -1 0 -0
-26.2868 10.5932 56.9662 0.043265 0.70302 -1 0 -0
-26.8954 2.30313 56.9662 0.043267 0.70302 1 0 -0
-26.8954 10.5932 55.8531 0.026453 0.579722 1 0 -0
-26.8954 10.5932 56.9662 0.043267 0.579722 1 0 -0
-26.8954 2.30313 55.8531 0.026453 0.70302 1 0 -0
-26.8954 10.5932 55.8531 0.026453 0.579722 1 0 -0
-26.8954 2.30313 56.9662 0.043267 0.70302 1 0 -0
-26.2868 10.5932 55.8531 0.025673 0.70302 0 0 1
-26.8954 2.30313 55.8531 0.016318 0.579722 0 0 1
-26.2868 2.30313 55.8531 0.025673 0.579722 0 0 1
-26.8954 10.5932 55.8531 0.016318 0.70302 0 0 1
-26.8954 2.30313 55.8531 0.016318 0.579722 0 0 1
-26.2868 10.5932 55.8531 0.025673 0.70302 0 0 1
-26.8954 10.5932 56.9662 0.025676 0.70302 0 0 -1
-26.2868 2.30313 56.9662 0.016322 0.579722 0 0 -1
-26.8954 2.30313 56.9662 0.025676 0.579722 0 0 -1
-26.2868 10.5932 56.9662 0.016322 0.70302 0 0 -1
-26.2868 2.30313 56.9662 0.016322 0.579722 0 0 -1
-26.8954 10.5932 56.9662 0.025676 0.70302 0 0 -1
-26.2868 10.5932 53.507 0.17348 0.702969 -1 0 -0
-26.2868 2.30313 52.3938 0.156666 0.579671 -1 0 -0
-26.2868 2.30313 53.507 0.17348 0.579671 -1 0 -0
-26.2868 10.5932 52.3938 0.156666 0.702969 -1 0 -0
-26.2868 2.30313 52.3938 0.156666 0.579671 -1 0 -0
-26.2868 10.5932 53.507 0.17348 0.702969 -1 0 -0
-26.8954 2.30313 53.507 0.173469 0.702969 1 0 -0
-26.8954 10.5932 52.3938 0.156654 0.579671 1 0 -0
-26.8954 10.5932 53.507 0.173469 0.579671 1 0 -0
-26.8954 2.30313 52.3938 0.156654 0.702969 1 0 -0
-26.8954 10.5932 52.3938 0.156654 0.579671 1 0 -0
-26.8954 2.30313 53.507 0.173469 0.702969 1 0 -0
-26.2868 10.5932 52.3938 0.184177 0.702969 0 0 1
-26.8954 2.30313 52.3938 0.174823 0.579671 0 0 1
-26.2868 2.30313 52.3938 0.184177 0.579671 0 0 1
-26.8954 10.5932 52.3938 0.174823 0.702969 0 0 1
-26.8954 2.30313 52.3938 0.174823 0.579671 0 0 1
-26.2868 10.5932 52.3938 0.184177 0.702969 0 0 1
-26.8954 10.5932 53.507 0.184177 0.702969 0 0 -1
-26.2868 2.30313 53.507 0.174822 0.579671 0 0 -1
-26.8954 2.30313 53.507 0.184177 0.579671 0 0 -1
-26.2868 10.5932 53.507 0.174822 0.702969 0 0 -1
-26.2868 2.30313 53.507 0.174822 0.579671 0 0 -1
-26.8954 10.5932 53.507 0.184177 0.702969 0 0 -1
-26.2868 10.5932 50.0477 0.33137 0.702916 -1 0 -0
-26.2868 2.30313 48.9346 0.314555 0.579618 -1 0 -0
-26.2868 2.30313 50.0477 0.33137 0.579618 -1 0 -0
-26.2868 10.5932 48.9346 0.314555 0.702916 -1 0 -0
-26.2868 2.30313 48.9346 0.314555 0.579618 -1 0 -0
-26.2868 10.5932 50.0477 0.33137 0.702916 -1 0 -0
-26.8954 2.30313 50.0477 0.331369 0.702916 1 0 -0
-26.8954 10.5932 48.9346 0.314554 0.579618 1 0 -0
-26.8954 10.5932 50.0477 0.331369 0.579618 1 0 -0
-26.8954 2.30313 48.9346 0.314554 0.702916 1 0 -0
-26.8954 10.5932 48.9346 0.314554 0.579618 1 0 -0
-26.8954 2.30313 50.0477 0.331369 0.702916 1 0 -0
-26.2868 10.5932 48.9346 0.313776 0.702916 0 0 1
-26.8954 2.30313 48.9346 0.304422 0.579618 0 0 1
-26.2868 2.30313 48.9346 0.313776 0.579618 0 0 1
-26.8954 10.5932 48.9346 0.304422 0.702916 0 0 1
-26.8954 2.30313 48.9346 0.304422 0.579618 0 0 1
-26.2868 10.5932 48.9346 0.313776 0.702916 0 0 1
-26.8954 10.5932 50.0477 0.313783 0.702916 0 0 -1
-26.2868 2.30313 50.0477 0.304428 0.579618 0 0 -1
-26.8954 2.30313 50.0477 0.313783 0.579618 0 0 -1
-26.2868 10.5932 50.0477 0.304428 0.702916 0 0 -1
-26.2868 2.30313 50.0477 0.304428 0.579618 0 0 -1
-26.8954 10.5932 50.0477 0.313783 0.702916 0 0 -1
26.005 0.41068 65.4626 0.324849 0.496526 0 0 -1
28.0359 31.9034 65.4626 0.3477 0.237983 0 0 -1
28.0359 0.41068 65.4626 0.3477 0.496526 0 0 -1
26.005 33.1856 65.4626 0.324849 0.227456 -7e-006 0 -1
28.0359 31.9034 65.4626 0.3477 0.237983 -7e-006 0 -1
26.005 0.41068 65.4626 0.324849 0.496526 -7e-006 0 -1
26.005 0.41068 67.543 0.324846 0.496527 7e-006 0 1
28.0359 31.9034 67.543 0.3477 0.237981 7e-006 0 1
26.005 33.1856 67.543 0.324846 0.227455 7e-006 0 1
26.005 0.41068 67.543 0.324846 0.496527 0 0 1
28.0359 0.41068 67.543 0.3477 0.496527 0 0 1
28.0359 31.9034 67.543 0.3477 0.237981 0 0 1
28.0359 31.9034 65.4626 0.375819 0.227452 1 0 -0
28.0359 0.41068 67.543 0.399227 0.496357 1 0 -0
28.0359 0.41068 65.4626 0.375819 0.496357 1 0 -0
28.0359 31.9034 67.543 0.399227 0.227452 1 0 -0
28.0359 0.41068 67.543 0.399227 0.496357 1 0 -0
28.0359 31.9034 65.4626 0.375819 0.227452 1 0 -0
26.005 33.1856 67.543 0.350003 0.227456 -1 0 -0
26.005 0.41068 65.4626 0.373411 0.496526 -1 0 -0
26.005 0.41068 67.543 0.350003 0.496526 -1 0 -0
26.005 33.1856 65.4626 0.373411 0.227456 -1 0 -0
26.005 0.41068 65.4626 0.373411 0.496526 -1 0 -0
26.005 33.1856 67.543 0.350003 0.227456 -1 0 -0
-25.2402 0.41068 67.543 0.324849 0.496526 0 0 1
-27.2711 31.9034 67.543 0.3477 0.237983 0 0 1
-27.2711 0.41068 67.543 0.3477 0.496526 0 0 1
-25.2402 33.1856 67.543 0.324849 0.227456 -7e-006 0 1
-27.2711 31.9034 67.543 0.3477 0.237983 -7e-006 0 1
-25.2402 0.41068 67.543 0.324849 0.496526 -7e-006 0 1
-25.2402 0.41068 65.4626 0.324846 0.496527 7e-006 0 -1
-27.2711 31.9034 65.4626 0.3477 0.237981 7e-006 0 -1
-25.2402 33.1856 65.4626 0.324846 0.227455 7e-006 0 -1
-25.2402 0.41068 65.4626 0.324846 0.496527 0 0 -1
-27.2711 0.41068 65.4626 0.3477 0.496527 0 0 -1
-27.2711 31.9034 65.4626 0.3477 0.237981 0 0 -1
-27.2711 31.9034 67.543 0.375819 0.227452 -1 0 -0
-27.2711 0.41068 65.4626 0.399227 0.496357 -1 0 -0
-27.2711 0.41068 67.543 0.375819 0.496357 -1 0 -0
-27.2711 31.9034 65.4626 0.399227 0.227452 -1 0 -0
-27.2711 0.41068 65.4626 0.399227 0.496357 -1 0 -0
-27.2711 31.9034 67.543 0.375819 0.227452 -1 0 -0
-25.2402 33.1856 65.4626 0.350003 0.227456 1 0 -0
-25.2402 0.41068 67.543 0.373411 0.496526 1 0 -0
-25.2402 0.41068 65.4626 0.350003 0.496526 1 0 -0
-25.2402 33.1856 67.543 0.373411 0.227456 1 0 -0
-25.2402 0.41068 67.543 0.373411 0.496526 1 0 -0
-25.2402 33.1856 65.4626 0.350003 0.227456 1 0 -0
26.4301 0.184734 47.288 0.092854 0.9912 0 0 1
28.2007 31.712 47.288 0.120542 0.738924 0 0 1
26.4301 32.7471 47.288 0.092854 0.730641 0 0 1
26.4301 0.184734 47.288 0.092854 0.9912 0 0 1
28.2007 0.184734 47.288 0.120541 0.9912 0 0 1
28.2007 31.712 47.288 0.120542 0.738924 0 0 1
28.2007 31.712 45.6873 0.126678 0.738971 1 0 -0
28.2007 0.184734 47.288 0.151708 0.991246 1 0 -0
28.2007 0.184734 45.6873 0.126678 0.991246 1 0 -0
28.2007 31.712 47.288 0.151708 0.738971 1 0 -0
28.2007 0.184734 47.288 0.151708 0.991246 1 0 -0
28.2007 31.712 45.6873 0.126678 0.738971 1 0 -0
26.4301 32.7471 47.288 0.159024 0.730688 -1 0 -0
26.4301 0.184734 45.6873 0.184054 0.991246 -1 0 -0
26.4301 0.184734 47.288 0.159024 0.991246 -1 0 -0
26.4301 32.7471 45.6873 0.184054 0.730688 -1 0 -0
26.4301 0.184734 45.6873 0.184054 0.991246 -1 0 -0
26.4301 32.7471 47.288 0.159024 0.730688 -1 0 -0
-25.8814 0.184734 47.288 0.092851 0.9912 0 0 1
-27.6521 31.712 47.288 0.120538 0.738971 0 0 1
-27.6521 0.184734 47.288 0.120538 0.9912 0 0 1
-25.8814 32.7471 47.288 0.092851 0.730688 0 0 1
-27.6521 31.712 47.288 0.120538 0.738971 0 0 1
-25.8814 0.184734 47.288 0.092851 0.9912 0 0 1
-27.6521 31.712 47.288 0.126678 0.738971 -1 0 -0
-27.6521 0.184734 45.6873 0.151708 0.991246 -1 0 -0
-27.6521 0.184734 47.288 0.126678 0.991246 -1 0 -0
-27.6521 31.712 45.6873 0.151708 0.738971 -1 0 -0
-27.6521 0.184734 45.6873 0.151708 0.991246 -1 0 -0
-27.6521 31.712 47.288 0.126678 0.738971 -1 0 -0
-25.8814 32.7471 45.6873 0.159024 0.730688 1 0 -0
-25.8814 0.184734 47.288 0.184054 0.991246 1 0 -0
-25.8814 0.184734 45.6873 0.159024 0.991246 1 0 -0
-25.8814 32.7471 47.288 0.184054 0.730688 1 0 -0
-25.8814 0.184734 47.288 0.184054 0.991246 1 0 -0
-25.8814 32.7471 45.6873 0.159024 0.730688 1 0 -0
2.33439 49.6935 21.1257 0.024075 0.429789 0 0 -1
9.92917 53.1423 21.1257 0.134428 0.379678 0 0 -1
9.92917 44.6656 21.1257 0.134428 0.502846 0 0 -1
2.33439 53.1423 21.1257 0.024075 0.379678 0 0 -1
9.92917 53.1423 21.1257 0.134428 0.379678 0 0 -1
2.33439 49.6935 21.1257 0.024075 0.429789 0 0 -1
2.33439 49.6935 28.69 0.024116 0.42979 0 0 1
9.92917 53.1423 28.69 0.134469 0.379679 0 0 1
2.33439 53.1423 28.69 0.024116 0.379679 0 0 1
2.33439 49.6935 28.69 0.024116 0.42979 0 0 1
9.92917 44.6656 28.69 0.134469 0.502848 0 0 1
9.92917 53.1423 28.69 0.134469 0.379679 0 0 1
9.92917 53.1423 21.1257 0.138732 0.38011 1 0 -0
9.92917 44.6656 28.69 0.248642 0.503279 1 0 -0
9.92917 44.6656 21.1257 0.138732 0.503279 1 0 -0
9.92917 53.1423 28.69 0.248642 0.38011 1 0 -0
9.92917 44.6656 28.69 0.248642 0.503279 1 0 -0
9.92917 53.1423 21.1257 0.138732 0.38011 1 0 -0
2.33439 53.1423 28.69 0.308339 0.385791 -1 0 -0
2.33439 49.6935 21.1257 0.258228 0.495701 -1 0 -0
2.33439 49.6935 28.69 0.258228 0.385791 -1 0 -0
2.33439 53.1423 21.1257 0.308339 0.495701 -1 0 -0
2.33439 49.6935 21.1257 0.258228 0.495701 -1 0 -0
2.33439 53.1423 28.69 0.308339 0.385791 -1 0 -0
5.99644 56.8029 24.8488 0.193519 0.322007 -0.652417 0.75786 -0
1.33324 52.7885 20.1856 0.138822 0.376704 -0.652417 0.75786 -0
1.33324 52.7885 29.512 0.138822 0.26731 -0.652417 0.75786 -0
5.99644 56.8029 24.8488 0.193519 0.322007 -1e-006 0.75786 -0.652417
10.6596 52.7885 20.1856 0.248216 0.376704 -1e-006 0.75786 -0.652417
1.33324 52.7885 20.1856 0.138822 0.376704 -1e-006 0.75786 -0.652417
5.99644 56.8029 24.8488 0.193519 0.322007 0.652417 0.75786 -0
10.6596 52.7885 29.512 0.248216 0.26731 0.652417 0.75786 -0
10.6596 52.7885 20.1856 0.248216 0.376704 0.652417 0.75786 -0
5.99644 56.8029 24.8488 0.193519 0.322007 0 0.757861 0.652417
1.33324 52.7885 29.512 0.138822 0.26731 0 0.757861 0.652417
10.6596 52.7885 29.512 0.248216 0.26731 0 0.757861 0.652417
