Vertex Count: 210

Data:

-1.07902 2.54737 1.07902 0.758588 0.511791 -0.838717 0.419359 0.347408
0 5.59931 -0 0.5 0.091765 -0.838717 0.419359 0.347408
-1.52597 2.54737 -0 0.5 0.511791 -0.838717 0.419359 0.347408
1.07902 2.54737 1.07902 0.758588 0.511791 0.347408 0.419358 0.838717
0 5.59931 -0 0.5 0.091765 0.347408 0.419359 0.838717
0 2.54737 1.52597 0.865699 0.511791 0.347408 0.419359 0.838717
-1.52597 2.54737 -0 0.5 0.511791 -0.838717 0.419359 -0.347408
0 5.59931 -0 0.5 0.091765 -0.838717 0.419359 -0.347408
-1.07902 2.54737 -1.07902 0.241412 0.511791 -0.838717 0.419359 -0.347408
-1.07902 2.54737 -1.07902 0.241412 0.511791 -0.347408 0.419358 -0.838717
0 5.59931 -0 0.5 0.091765 -0.347408 0.419359 -0.838717
0 2.54737 -1.52597 0.134301 0.511791 -0.347408 0.419359 -0.838717
0 2.54737 -1.52597 0.134301 0.511791 0.347408 0.419359 -0.838717
0 5.59931 -0 0.5 0.091765 0.347408 0.419359 -0.838717
1.07902 2.54737 -1.07902 0.241412 0.511791 0.347408 0.419358 -0.838717
1.07902 2.54737 -1.07902 0.241412 0.511791 0.838717 0.419359 -0.347408
0 5.59931 -0 0.5 0.091765 0.838717 0.419359 -0.347408
1.52597 2.54737 -0 0.5 0.511791 0.838717 0.419359 -0.347408
0 2.54737 1.52597 0.865699 0.511791 -0.347408 0.419359 0.838717
0 5.59931 -0 0.5 0.091765 -0.347408 0.419359 0.838717
-1.07902 2.54737 1.07902 0.758588 0.511791 -0.347408 0.419358 0.838717
1.52597 2.54737 -0 0.5 0.511791 0.838717 0.419359 0.347408
0 5.59931 -0 0.5 0.091765 0.838717 0.419359 0.347408
1.07902 2.54737 1.07902 0.758588 0.511791 0.838717 0.419359 0.347408
-1.07902 2.54737 1.07902 0.758588 0.511791 0 -1 -0
1.07902 2.54737 1.07902 0.758588 0.511791 0 -1 -0
0 2.54737 1.52597 0.865699 0.511791 0 -1 -0
-1.07902 2.54737 1.07902 0.758588 0.511791 0 -1 -0
1.52597 2.54737 -0 0.5 0.511791 0 -1 -0
1.07902 2.54737 1.07902 0.758588 0.511791 0 -1 -0
-1.07902 2.54737 1.07902 0.758588 0.511791 0 -1 -0
1.07902 2.54737 -1.07902 0.241412 0.511791 0 -1 -0
1.52597 2.54737 -0 0.5 0.511791 0 -1 -0
-1.07902 2.54737 1.07902 0.758588 0.511791 0 -1 -0
0 2.54737 -1.52597 0.134301 0.511791 0 -1 -0
1.07902 2.54737 -1.07902 0.241412 0.511791 0 -1 -0
-1.07902 2.54737 1.07902 0.758588 0.511791 0 -1 -0
-1.07902 2.54737 -1.07902 0.241412 0.511791 0 -1 -0
0 2.54737 -1.52597 0.134301 0.511791 0 -1 -0
-1.07902 2.54737 1.07902 0.758588 0.511791 0 -1 -0
-1.52597 2.54737 -0 0.5 0.511791 0 -1 -0
-1.07902 2.54737 -1.07902 0.241412 0.511791 0 -1 -0
-0.68551 4.32717 0.68551 0.664282 0.266844 -0.838717 0.419358 0.347408
0 6.26609 -0 0.5 0 -0.838717 0.419358 0.347408
-0.969458 4.32717 -0 0.5 0.266844 -0.838717 0.419359 0.347408
0.68551 4.32717 0.68551 0.664282 0.266844 0.347409 0.419358 0.838717
0 6.26609 -0 0.5 0 0.347409 0.419359 0.838717
0 4.32717 0.969458 0.73233 0.266844 0.347409 0.419359 0.838717
-0.969458 4.32717 -0 0.5 0.266844 -0.838717 0.419358 -0.347408
0 6.26609 -0 0.5 0 -0.838717 0.419358 -0.347408
-0.68551 4.32717 -0.68551 0.335718 0.266844 -0.838717 0.419358 -0.347408
-0.68551 4.32717 -0.68551 0.335718 0.266844 -0.347409 0.419358 -0.838717
0 6.26609 -0 0.5 0 -0.347409 0.419359 -0.838717
0 4.32717 -0.969458 0.26767 0.266844 -0.347409 0.419359 -0.838717
0 4.32717 -0.969458 0.26767 0.266844 0.347409 0.419359 -0.838717
0 6.26609 -0 0.5 0 0.347409 0.419359 -0.838717
0.68551 4.32717 -0.68551 0.335718 0.266844 0.347409 0.419358 -0.838717
0.68551 4.32717 -0.68551 0.335718 0.266844 0.838717 0.419358 -0.347408
0 6.26609 -0 0.5 0 0.838717 0.419358 -0.347408
0.969458 4.32717 -0 0.5 0.266844 0.838717 0.419359 -0.347408
0 4.32717 0.969458 0.73233 0.266844 -0.347409 0.419359 0.838717
0 6.26609 -0 0.5 0 -0.347409 0.419359 0.838717
-0.68551 4.32717 0.68551 0.664282 0.266844 -0.347409 0.419358 0.838717
0.969458 4.32717 -0 0.5 0.266844 0.838717 0.419358 0.347408
0 6.26609 -0 0.5 0 0.838717 0.419358 0.347408
0.68551 4.32717 0.68551 0.664282 0.266844 0.838717 0.419358 0.347408
-0.68551 4.32717 0.68551 0.664282 0.266844 0 -1 -0
0.68551 4.32717 0.68551 0.664282 0.266844 0 -1 -1e-006
0 4.32717 0.969458 0.73233 0.266844 0 -1 -0
-0.68551 4.32717 0.68551 0.664282 0.266844 0 -1 -0
0.969458 4.32717 -0 0.5 0.266844 0 -1 -0
0.68551 4.32717 0.68551 0.664282 0.266844 0 -1 -1e-006
-0.68551 4.32717 0.68551 0.664282 0.266844 0 -1 -0
0.68551 4.32717 -0.68551 0.335718 0.266844 0 -1 -0
0.969458 4.32717 -0 0.5 0.266844 0 -1 -0
-0.68551 4.32717 0.68551 0.664282 0.266844 0 -1 -0
0 4.32717 -0.969458 0.26767 0.266844 0 -1 -0
0.68551 4.32717 -0.68551 0.335718 0.266844 0 -1 -0
-0.68551 4.32717 0.68551 0.664282 0.266844 0 -1 -0
-0.68551 4.32717 -0.68551 0.335718 0.266844 0 -1 -0
0 4.32717 -0.969458 0.26767 0.266844 0 -1 -0
-0.68551 4.32717 0.68551 0.664282 0.266844 0 -1 -0
-0.969458 4.32717 -0 0.5 0.266844 0 -1 -0
-0.68551 4.32717 -0.68551 0.335718 0.266844 0 -1 -0
-1.47529 0.656203 1.47529 0.853553 0.772064 -0.838717 0.419359 0.347408
0 4.82896 -0 0.5 0.197786 -0.838717 0.419359 0.347408
-2.08638 0.656203 -0 0.5 0.772064 -0.838717 0.419359 0.347408
1.47529 0.656203 1.47529 0.853553 0.772064 0.347408 0.419359 0.838717
0 4.82896 -0 0.5 0.197786 0.347408 0.419359 0.838717
0 0.656203 2.08638 1 0.772064 0.347408 0.419358 0.838717
-2.08638 0.656203 -0 0.5 0.772064 -0.838717 0.419359 -0.347408
0 4.82896 -0 0.5 0.197786 -0.838717 0.419359 -0.347408
-1.47529 0.656203 -1.47529 0.146447 0.772064 -0.838717 0.419359 -0.347408
-1.47529 0.656203 -1.47529 0.146447 0.772064 -0.347408 0.419359 -0.838717
0 4.82896 -0 0.5 0.197786 -0.347408 0.419359 -0.838717
0 0.656203 -2.08638 0 0.772064 -0.347408 0.419358 -0.838717
0 0.656203 -2.08638 0 0.772064 0.347408 0.419358 -0.838717
0 4.82896 -0 0.5 0.197786 0.347408 0.419359 -0.838717
1.47529 0.656203 -1.47529 0.146447 0.772064 0.347408 0.419359 -0.838717
1.47529 0.656203 -1.47529 0.146447 0.772064 0.838717 0.419359 -0.347408
0 4.82896 -0 0.5 0.197786 0.838717 0.419359 -0.347408
2.08638 0.656203 -0 0.5 0.772064 0.838717 0.419359 -0.347408
0 0.656203 2.08638 1 0.772064 -0.347408 0.419358 0.838717
0 4.82896 -0 0.5 0.197786 -0.347408 0.419359 0.838717
-1.47529 0.656203 1.47529 0.853553 0.772064 -0.347408 0.419359 0.838717
2.08638 0.656203 -0 0.5 0.772064 0.838717 0.419359 0.347408
0 4.82896 -0 0.5 0.197786 0.838717 0.419359 0.347408
1.47529 0.656203 1.47529 0.853553 0.772064 0.838717 0.419359 0.347408
-1.47529 0.656203 1.47529 0.853553 0.772064 0 -1 -0
1.47529 0.656203 1.47529 0.853553 0.772064 0 -1 -0
0 0.656203 2.08638 1 0.772064 0 -1 -0
-1.47529 0.656203 1.47529 0.853553 0.772064 0 -1 -0
2.08638 0.656203 -0 0.5 0.772064 0 -1 -0
1.47529 0.656203 1.47529 0.853553 0.772064 0 -1 -0
-1.47529 0.656203 1.47529 0.853553 0.772064 0 -1 -0
1.47529 0.656203 -1.47529 0.146447 0.772064 0 -1 -0
2.08638 0.656203 -0 0.5 0.772064 0 -1 -0
-1.47529 0.656203 1.47529 0.853553 0.772064 0 -1 -0
0 0.656203 -2.08638 0 0.772064 0 -1 -0
1.47529 0.656203 -1.47529 0.146447 0.772064 0 -1 -0
-1.47529 0.656203 1.47529 0.853553 0.772064 0 -1 -0
-1.47529 0.656203 -1.47529 0.146447 0.772064 0 -1 -0
0 0.656203 -2.08638 0 0.772064 0 -1 -0
-1.47529 0.656203 1.47529 0.853553 0.772064 0 -1 -0
-2.08638 0.656203 -0 0.5 0.772064 0 -1 -0
-1.47529 0.656203 -1.47529 0.146447 0.772064 0 -1 -0
0.445753 -1 0.445753 0.606825 1 0.382683 0 0.92388
0 1 0.63039 0.651073 0.724749 0.382684 0 0.923879
0 -1 0.63039 0.651073 1 0.382683 0 0.92388
0.445753 1 0.445753 0.606825 0.724749 0.382684 0 0.923879
0 1 0.63039 0.651073 0.724749 0.382684 0 0.923879
0.445753 -1 0.445753 0.606825 1 0.382683 0 0.92388
0.63039 -1 -0 0.5 1 0.923879 0 0.382684
0.445753 1 0.445753 0.606825 0.724749 0.923879 0 0.382684
0.445753 -1 0.445753 0.606825 1 0.923879 0 0.382684
0.63039 1 -0 0.5 0.724749 0.923879 0 0.382684
0.445753 1 0.445753 0.606825 0.724749 0.923879 0 0.382684
0.63039 -1 -0 0.5 1 0.923879 0 0.382684
0.445753 -1 -0.445753 0.393175 1 0.923879 0 -0.382684
0.63039 1 -0 0.5 0.724749 0.923879 0 -0.382684
0.63039 -1 -0 0.5 1 0.923879 0 -0.382684
0.445753 1 -0.445753 0.393175 0.724749 0.923879 0 -0.382684
0.63039 1 -0 0.5 0.724749 0.923879 0 -0.382684
0.445753 -1 -0.445753 0.393175 1 0.923879 0 -0.382684
0 -1 -0.63039 0.348927 1 0.382684 0 -0.923879
0.445753 1 -0.445753 0.393175 0.724749 0.382683 0 -0.92388
0.445753 -1 -0.445753 0.393175 1 0.382684 0 -0.923879
0 1 -0.63039 0.348927 0.724749 0.382683 0 -0.92388
0.445753 1 -0.445753 0.393175 0.724749 0.382683 0 -0.92388
0 -1 -0.63039 0.348927 1 0.382684 0 -0.923879
-0.445753 -1 -0.445753 0.393175 1 -0.382683 0 -0.92388
0 1 -0.63039 0.348927 0.724749 -0.382684 0 -0.923879
0 -1 -0.63039 0.348927 1 -0.382683 0 -0.92388
-0.445753 1 -0.445753 0.393175 0.724749 -0.382684 0 -0.923879
0 1 -0.63039 0.348927 0.724749 -0.382684 0 -0.923879
-0.445753 -1 -0.445753 0.393175 1 -0.382683 0 -0.92388
-0.63039 -1 -0 0.5 1 -0.923879 0 -0.382684
-0.445753 1 -0.445753 0.393175 0.724749 -0.923879 0 -0.382684
-0.445753 -1 -0.445753 0.393175 1 -0.923879 0 -0.382684
-0.63039 1 -0 0.5 0.724749 -0.923879 0 -0.382684
-0.445753 1 -0.445753 0.393175 0.724749 -0.923879 0 -0.382684
-0.63039 -1 -0 0.5 1 -0.923879 0 -0.382684
0.63039 1 -0 0.5 0.724749 0 1 -0
0 1 0.63039 0.651073 0.724749 0 1 -0
0.445753 1 0.445753 0.606825 0.724749 0 1 -0
0.63039 1 -0 0.5 0.724749 0 1 -0
-0.445753 1 0.445753 0.606825 0.724749 0 1 -0
0 1 0.63039 0.651073 0.724749 0 1 -0
0.63039 1 -0 0.5 0.724749 0 1 -0
-0.63039 1 -0 0.5 0.724749 0 1 -0
-0.445753 1 0.445753 0.606825 0.724749 0 1 -0
0.63039 1 -0 0.5 0.724749 0 1 -0
-0.445753 1 -0.445753 0.393175 0.724749 0 1 -0
-0.63039 1 -0 0.5 0.724749 0 1 -0
0.63039 1 -0 0.5 0.724749 0 1 -0
0 1 -0.63039 0.348927 0.724749 0 1 -0
-0.445753 1 -0.445753 0.393175 0.724749 0 1 -0
0.63039 1 -0 0.5 0.724749 0 1 -0
0.445753 1 -0.445753 0.393175 0.724749 0 1 -0
0 1 -0.63039 0.348927 0.724749 0 1 -0
0 -1 0.63039 0.651073 1 -0.382684 0 0.923879
-0.445753 1 0.445753 0.606825 0.724749 -0.382683 0 0.92388
-0.445753 -1 0.445753 0.606825 1 -0.382684 0 0.923879
0 1 0.63039 0.651073 0.724749 -0.382683 0 0.92388
-0.445753 1 0.445753 0.606825 0.724749 -0.382683 0 0.92388
0 -1 0.63039 0.651073 1 -0.382684 0 0.923879
-0.445753 -1 0.445753 0.606825 1 -0.923879 0 0.382684
-0.63039 1 -0 0.5 0.724749 -0.923879 0 0.382684
-0.63039 -1 -0 0.5 1 -0.923879 0 0.382684
-0.445753 1 0.445753 0.606825 0.724749 -0.923879 0 0.382684
-0.63039 1 -0 0.5 0.724749 -0.923879 0 0.382684
-0.445753 -1 0.445753 0.606825 1 -0.923879 0 0.382684
-0.445753 -1 0.445753 0.606825 1 0 -1 -0
0.445753 -1 0.445753 0.606825 1 0 -1 -0
0 -1 0.63039 0.651073 1 0 -1 -0
-0.445753 -1 0.445753 0.606825 1 0 -1 -0
0.63039 -1 -0 0.5 1 0 -1 -0
0.445753 -1 0.445753 0.606825 1 0 -1 -0
-0.445753 -1 0.445753 0.606825 1 0 -1 -0
0.445753 -1 -0.445753 0.393175 1 0 -1 -0
0.63039 -1 -0 0.5 1 0 -1 -0
-0.445753 -1 0.445753 0.606825 1 0 -1 -0
0 -1 -0.63039 0.348927 1 0 -1 -0
0.445753 -1 -0.445753 0.393175 1 0 -1 -0
-0.445753 -1 0.445753 0.606825 1 0 -1 -0
-0.445753 -1 -0.445753 0.393175 1 0 -1 -0
0 -1 -0.63039 0.348927 1 0 -1 -0
-0.445753 -1 0.445753 0.606825 1 0 -1 -0
-0.63039 -1 -0 0.5 1 0 -1 -0
-0.445753 -1 -0.445753 0.393175 1 0 -1 -0
